273.760368    -0.000000 0.987688 0.156435     -72.916667 16.305157 21.759547
273.760368    0.000000 0.987688 0.156435     -58.333333 15.652576 25.879775
273.760368    -0.000000 0.987688 0.156435     -29.166667 16.305157 21.759547
273.760368    0.000000 0.987688 0.156435     -14.583333 15.652576 25.879775
273.760368    -0.000000 0.987688 0.156435     14.583333 16.305157 21.759547
273.760368    0.000000 0.987688 0.156435     29.166667 15.652576 25.879775
273.760368    -0.000000 0.987688 0.156435     58.333333 16.305157 21.759547
273.760368    0.000000 0.987688 0.156435     72.916667 15.652576 25.879775
273.760332    0.000000 0.987688 -0.156434     58.333333 15.652575 34.120229
273.760332    0.000000 0.987688 -0.156434     72.916667 16.305154 38.240456
273.760332    0.000000 0.987688 -0.156434     14.583333 15.652575 34.120229
273.760332    0.000000 0.987688 -0.156434     29.166667 16.305154 38.240456
273.760332    0.000000 0.987688 -0.156434     -29.166667 15.652575 34.120229
273.760332    0.000000 0.987688 -0.156434     -14.583333 16.305154 38.240456
273.760332    0.000000 0.987688 -0.156434     -72.916667 15.652575 34.120229
273.760332    0.000000 0.987688 -0.156434     -58.333333 16.305154 38.240456
273.760332    0.000000 0.987688 -0.156434     -116.666667 15.652575 34.120229
273.760332    0.000000 0.987688 -0.156434     -102.083333 16.305154 38.240456
273.760368    -0.000000 0.987688 0.156435     -116.666667 16.305157 21.759547
273.760368    0.000000 0.987688 0.156435     -102.083333 15.652576 25.879775
273.760299    -0.000000 0.891007 0.453990     -116.666667 20.745457 10.205500
273.760299    0.000000 0.891007 0.453990     -102.083333 18.851597 13.922410
273.760299    -0.000000 0.891007 0.453990     -72.916667 20.745457 10.205500
273.760299    0.000000 0.891007 0.453990     -58.333333 18.851597 13.922410
273.760299    -0.000000 0.891007 0.453990     -29.166667 20.745457 10.205500
273.760299    0.000000 0.891007 0.453990     -14.583333 18.851597 13.922410
273.760299    -0.000000 0.891007 0.453990     14.583333 20.745457 10.205500
273.760299    0.000000 0.891007 0.453990     29.166667 18.851597 13.922410
273.760299    -0.000000 0.891007 0.453990     58.333333 20.745457 10.205500
273.760299    0.000000 0.891007 0.453990     72.916667 18.851597 13.922410
273.760299    -0.000000 0.891007 0.453990     102.083333 20.745457 10.205500
273.760299    0.000000 0.891007 0.453990     116.666667 18.851597 13.922410
273.760368    -0.000000 0.987688 0.156435     102.083333 16.305157 21.759547
273.760368    0.000000 0.987688 0.156435     116.666667 15.652576 25.879775
273.760332    0.000000 0.987688 -0.156434     102.083333 15.652575 34.120229
273.760332    0.000000 0.987688 -0.156434     116.666667 16.305154 38.240456
273.760358    0.000000 0.891006 -0.453991     102.083333 18.851594 46.077593
273.760358    0.000000 0.891006 -0.453991     116.666667 20.745456 49.794504
273.760358    0.000000 0.891006 -0.453991     58.333333 18.851594 46.077593
273.760358    0.000000 0.891006 -0.453991     72.916667 20.745456 49.794504
273.760358    0.000000 0.891006 -0.453991     14.583333 18.851594 46.077593
273.760358    0.000000 0.891006 -0.453991     29.166667 20.745456 49.794504
273.760358    0.000000 0.891006 -0.453991     -29.166667 18.851594 46.077593
273.760358    0.000000 0.891006 -0.453991     -14.583333 20.745456 49.794504
273.760358    0.000000 0.891006 -0.453991     -72.916667 18.851594 46.077593
273.760358    0.000000 0.891006 -0.453991     -58.333333 20.745456 49.794504
273.760358    0.000000 0.891006 -0.453991     -116.666667 18.851594 46.077593
273.760358    0.000000 0.891006 -0.453991     -102.083333 20.745456 49.794504
28.144516    0.000000 0.707107 -0.707106     -144.379832 24.213107 55.085205
3.154055    0.000000 0.707107 -0.707106     -131.879832 24.213107 55.085205
31.298570    0.000000 0.707107 -0.707106     -138.129832 23.426212 54.298310
10.641912    0.000000 0.891006 -0.453992     -143.750000 22.467536 53.174276
117.325868    -0.000000 0.891006 -0.453991     -137.500000 20.573675 49.457366
69.673229    0.000000 0.891006 -0.453991     -143.750000 19.277236 46.912964
9.240339    -0.000000 0.891006 -0.453991     -143.750000 18.003422 44.412964
14.540061    -0.000000 0.891006 -0.453991     -143.750000 17.619561 43.659595
13.230326    0.000000 0.891007 -0.453990     -143.750000 17.171295 42.779823
46.136923    0.000000 0.987688 -0.156434     -143.750000 16.701115 40.740455
117.325857    0.000000 0.987688 -0.156434     -137.500000 16.048536 36.620228
36.031367    0.000000 0.987688 -0.156434     -143.750000 15.591507 33.734658
35.157582    0.000000 0.987688 -0.156434     -143.750000 15.195547 31.234658
35.891780    0.000000 0.987688 0.156434     -143.750000 15.199631 28.739560
117.325872    0.000000 0.987688 0.156435     -137.500000 15.852211 24.619333
35.297173    0.000000 0.987688 0.156435     -143.750000 16.248173 22.119333
24.522400    -0.000000 0.987688 0.156434     -143.750000 16.580896 20.018600
21.614496    0.000000 0.987688 0.156435     -143.750000 16.837514 18.398374
27.770412    -0.000000 0.891007 0.453990     -143.750000 17.406003 16.759547
117.325842    -0.000000 0.891007 0.453990     -137.500000 19.299863 13.042637
3.506064    0.000002 0.891004 0.453995     -143.750000 19.804725 12.051791
5.734199    -0.000001 0.891008 0.453988     -143.750000 19.953880 11.759057
43.236932    -0.000000 0.891006 0.453991     -143.750000 20.744366 10.207640
26.436364    -0.000000 0.891007 0.453990     -143.750000 21.869024 8.000374
10.641870    0.000000 0.891006 0.453992     -143.750000 22.467537 6.825727
20.321864    -0.000000 0.707107 0.707106     -143.750000 24.489079 4.638828
31.298557    0.000000 0.707107 0.707107     -137.500000 23.702184 5.425723
10.976706    0.000000 0.707107 0.707107     -143.750000 22.915289 6.212618
3.154078    0.000001 0.707107 0.707107     -130.620163 24.213107 4.914799
73.030028    -0.000000 0.707107 0.707106     -116.036830 23.426212 5.701694
28.144532    0.000000 0.707108 0.707105     -109.786830 24.213107 4.914797
7.278787    -0.000001 0.707107 0.707107     -88.953499 24.213107 4.914799
34.452648    -0.000000 0.707107 0.707106     -97.286832 24.213107 4.914797
20.865705    0.000000 0.707107 0.707107     -83.333333 24.213107 4.914798
73.030059    -0.000000 0.707108 0.707106     -68.750000 23.426212 5.701693
34.452644    -0.000000 0.707107 0.707106     -57.703499 24.213107 4.914797
17.711640    -0.000000 0.707107 0.707107     -47.286832 24.213107 4.914799
10.432852    0.000001 0.707107 0.707107     -41.666667 24.213107 4.914798
73.030059    -0.000000 0.707108 0.707106     -27.083333 23.426212 5.701693
34.452639    -0.000000 0.707107 0.707106     -18.120166 24.213107 4.914797
28.144492    -0.000000 0.707107 0.707107     -5.620166 24.213107 4.914799
34.452622    0.000000 0.707107 0.707107     6.879834 24.213107 4.914799
73.030028    -0.000000 0.707107 0.707106     21.463168 23.426212 5.701694
28.144532    0.000000 0.707108 0.707106     33.963168 24.213107 4.914797
10.432852    -0.000001 0.707107 0.707107     41.666667 24.213107 4.914798
24.019770    0.000000 0.707107 0.707107     48.546501 24.213107 4.914799
73.030028    -0.000000 0.707107 0.707106     63.129834 23.426212 5.701694
28.144537    0.000000 0.707108 0.707106     73.546501 24.213107 4.914797
20.865705    -0.000000 0.707107 0.707107     83.333333 24.213107 4.914798
13.586917    0.000000 0.707107 0.707107     90.213168 24.213107 4.914799
73.030028    -0.000000 0.707107 0.707106     104.796501 23.426212 5.701694
28.144541    0.000000 0.707108 0.707106     113.129834 24.213107 4.914797
31.298557    -0.000000 0.707107 0.707107     125.000000 24.213107 4.914798
3.154103    -0.000000 0.707107 0.707107     131.879842 24.213107 4.914800
31.298557    -0.000000 0.707107 0.707107     138.129842 23.426212 5.701695
28.144466    0.000000 0.707107 0.707106     144.379842 24.213107 4.914799
10.641870    0.000000 0.891006 0.453992     143.750000 22.467537 6.825727
117.325842    0.000000 0.891007 0.453990     137.500000 20.573677 10.542637
69.673296    0.000000 0.891007 0.453990     143.750000 19.277238 13.087040
9.240264    0.000000 0.891006 0.453991     143.750000 18.003425 15.587040
14.539935    -0.000000 0.891007 0.453990     143.750000 17.619568 16.340402
13.230477    -0.000000 0.891007 0.453990     143.750000 17.171302 17.220175
46.136897    0.000000 0.987688 0.156434     143.750000 16.701118 19.259547
117.325872    -0.000000 0.987688 0.156435     137.500000 16.048538 23.379774
36.031312    -0.000000 0.987688 0.156435     143.750000 15.591509 26.265341
35.157648    0.000000 0.987688 0.156435     143.750000 15.195547 28.765341
35.891820    0.000000 0.987688 -0.156435     143.750000 15.199629 31.260443
117.325857    0.000000 0.987688 -0.156434     137.500000 15.852209 35.380670
35.297135    -0.000000 0.987688 -0.156434     143.750000 16.248170 37.880670
24.522439    0.000000 0.987688 -0.156434     143.750000 16.580893 39.981402
21.614484    0.000000 0.987688 -0.156434     143.750000 16.837511 41.601630
27.770387    0.000000 0.891007 -0.453990     143.750000 17.405999 43.240455
117.325868    0.000000 0.891006 -0.453991     137.500000 19.299861 46.957366
3.506089    -0.000000 0.891006 -0.453991     143.750000 19.804722 47.948212
5.734250    -0.000000 0.891006 -0.453991     143.750000 19.953879 48.240948
43.236899    0.000000 0.891007 -0.453990     143.750000 20.744365 49.792365
26.436330    0.000000 0.891006 -0.453991     143.750000 21.869023 51.999629
10.641912    0.000000 0.891006 -0.453992     143.750000 22.467536 53.174276
13.149468    0.000000 0.707107 -0.707107     143.750000 24.669404 55.541503
31.298570    0.000000 0.707107 -0.707106     137.500000 23.882509 54.754607
7.172436    -0.000000 0.707109 -0.707104     143.750000 23.371585 54.243682
10.976666    0.000000 0.707106 -0.707108     143.750000 22.915288 53.787384
3.154055    0.000000 0.707107 -0.707106     130.620168 24.213107 55.085205
73.029997    0.000000 0.707107 -0.707106     116.036835 23.426212 54.298310
28.144516    0.000000 0.707107 -0.707106     109.786835 24.213107 55.085205
7.278802    0.000000 0.707107 -0.707106     88.953501 24.213107 55.085205
34.452625    0.000000 0.707107 -0.707106     97.286835 24.213107 55.085205
20.865713    0.000000 0.707107 -0.707106     83.333333 24.213107 55.085205
73.029997    0.000000 0.707107 -0.707106     68.750000 23.426212 54.298310
34.452636    0.000000 0.707107 -0.707106     57.703499 24.213107 55.085205
17.711647    0.000000 0.707107 -0.707106     47.286832 24.213107 55.085205
10.432857    0.000000 0.707107 -0.707106     41.666667 24.213107 55.085205
73.029997    0.000000 0.707107 -0.707106     27.083333 23.426212 54.298310
34.452640    0.000000 0.707107 -0.707106     18.120165 24.213107 55.085205
28.144501    0.000000 0.707107 -0.707106     5.620165 24.213107 55.085205
34.452640    0.000000 0.707107 -0.707106     -6.879835 24.213107 55.085205
73.029997    0.000000 0.707107 -0.707106     -21.463168 23.426212 54.298310
28.144501    0.000000 0.707107 -0.707106     -33.963168 24.213107 55.085205
10.432857    0.000000 0.707107 -0.707106     -41.666667 24.213107 55.085205
24.019780    0.000000 0.707107 -0.707106     -48.546501 24.213107 55.085205
73.029997    0.000000 0.707107 -0.707106     -63.129834 23.426212 54.298310
28.144504    0.000000 0.707107 -0.707106     -73.546501 24.213107 55.085205
20.865713    0.000000 0.707107 -0.707106     -83.333333 24.213107 55.085205
13.586911    0.000000 0.707107 -0.707106     -90.213165 24.213107 55.085205
73.029997    0.000000 0.707107 -0.707106     -104.796499 23.426212 54.298310
28.144516    0.000000 0.707107 -0.707106     -113.129832 24.213107 55.085205
31.298570    0.000000 0.707107 -0.707106     -125.000000 24.213107 55.085205
1.961836    -1.000000 0.000000 0.000000     -150.000000 -23.116812 56.406549
8.844815    -1.000000 0.000000 0.000000     -150.000000 -21.364077 58.113111
3.596685    -1.000000 0.000000 0.000000     -150.000000 -23.627738 56.917474
6.449815    -1.000000 -0.000000 0.000000     -150.000000 -23.958336 58.624036
12.652357    -1.000000 0.000000 0.000000     -150.000000 -19.874654 55.000000
3.638799    -1.000000 0.000000 0.000000     -150.000000 -21.171090 55.337140
4.295999    -1.000000 0.000000 0.000000     -150.000000 -21.618844 55.950251
11.718780    -1.000000 -0.000000 0.000000     -150.000000 -15.625003 57.500000
11.718720    -1.000000 0.000000 0.000000     -150.000000 -17.708336 57.500000
23.437500    -1.000000 0.000000 0.000000     -150.000000 -14.583333 55.000000
11.718765    -1.000000 -0.000000 0.000000     -150.000000 -9.375001 57.500000
11.718735    -1.000000 0.000000 0.000000     -150.000000 -11.458335 57.500000
23.437500    -1.000000 0.000000 0.000000     -150.000000 -8.333333 55.000000
11.718758    -1.000000 -0.000000 0.000000     -150.000000 -3.125001 57.500000
11.718742    -1.000000 0.000000 0.000000     -150.000000 -5.208334 57.500000
23.437500    -1.000000 0.000000 0.000000     -150.000000 -2.083333 55.000000
11.718750    -1.000000 -0.000000 0.000000     -150.000000 3.125000 57.500000
11.718750    -1.000000 0.000000 0.000000     -150.000000 1.041667 57.500000
23.437500    -1.000000 0.000000 0.000000     -150.000000 4.166667 55.000000
11.718750    -1.000000 -0.000000 0.000000     -150.000000 9.375001 57.500000
11.718757    -1.000000 0.000000 0.000000     -150.000000 7.291667 57.500000
23.437508    -1.000000 0.000000 0.000000     -150.000000 10.416668 55.000000
11.718750    -1.000000 -0.000000 0.000000     -150.000000 15.625002 57.500000
11.718750    -1.000000 0.000000 0.000000     -150.000000 13.541669 57.500000
23.437500    -1.000000 0.000000 0.000000     -150.000000 16.666669 55.000000
11.718750    -1.000000 -0.000000 0.000000     -150.000000 21.875002 57.500000
11.718750    -1.000000 0.000000 0.000000     -150.000000 19.791669 57.500000
12.899684    -1.000000 0.000000 -0.000000     -150.000000 22.916669 56.124034
3.396913    -1.000000 0.000000 0.000000     -150.000000 22.129774 53.961172
1.706241    -1.000000 0.000000 0.000000     -150.000000 21.171098 52.837138
4.238580    -1.000000 0.000000 0.000000     -150.000000 -20.572577 51.662492
6.932232    -1.000000 0.000000 0.000000     -150.000000 -19.447923 49.455234
2.622522    -1.000000 0.000000 0.000000     -150.000000 -16.574103 47.903819
20.693041    -1.000000 0.000000 0.000000     -150.000000 -16.666667 50.292742
1.603489    -1.000000 0.000000 0.000000     -150.000000 -16.424943 47.611076
21.759454    -1.000000 0.000000 0.000000     -150.000000 -14.434174 47.500000
23.437500    -1.000000 -0.000000 0.000000     -150.000000 -10.416667 50.000000
23.437500    -1.000000 0.000000 0.000000     -150.000000 -8.333333 47.500000
23.437500    -1.000000 -0.000000 0.000000     -150.000000 -4.166667 50.000000
23.437500    -1.000000 0.000000 0.000000     -150.000000 -2.083333 47.500000
23.437500    -1.000000 -0.000000 0.000000     -150.000000 2.083333 50.000000
23.437500    -1.000000 0.000000 0.000000     -150.000000 4.166667 47.500000
23.437507    -1.000000 -0.000000 0.000000     -150.000000 8.333334 50.000000
23.437508    -1.000000 0.000000 0.000000     -150.000000 10.416668 47.500000
23.437500    -1.000000 -0.000000 0.000000     -150.000000 14.583335 50.000000
2.547914    -1.000000 0.000000 0.000000     -150.000000 16.517512 45.292736
20.693100    -1.000000 -0.000000 0.000000     -150.000000 16.666669 47.792736
11.170870    -1.000000 -0.000000 0.000000     -150.000000 19.874659 50.292736
7.657335    -1.000000 0.000000 0.000000     -150.000000 -15.920081 44.120229
5.551415    -1.000000 0.000000 0.000000     -150.000000 -15.351592 42.481407
4.763864    -1.000000 0.000000 0.000000     -150.000000 -15.094973 38.361178
15.363953    -1.000000 0.000000 0.000000     -150.000000 -13.865685 40.861178
23.437500    -1.000000 -0.000000 0.000000     -150.000000 -10.416667 42.500000
23.437500    -1.000000 0.000000 0.000000     -150.000000 -8.333333 40.000000
23.437500    -1.000000 -0.000000 0.000000     -150.000000 -4.166667 42.500000
23.437500    -1.000000 0.000000 0.000000     -150.000000 -2.083333 40.000000
23.437500    -1.000000 -0.000000 0.000000     -150.000000 2.083333 42.500000
23.437500    -1.000000 0.000000 0.000000     -150.000000 4.166667 40.000000
23.437507    -1.000000 -0.000000 0.000000     -150.000000 8.333334 42.500000
23.437508    -1.000000 0.000000 0.000000     -150.000000 10.416668 40.000000
4.009249    -1.000000 -0.000000 0.000000     -150.000000 16.133651 44.539368
19.119064    -1.000000 0.000000 0.000000     -150.000000 14.199474 42.039368
1.245534    -1.000000 0.000000 0.000000     -150.000000 15.685385 41.159595
8.962798    -1.000000 0.000000 0.000000     -150.000000 15.215204 39.120228
6.856964    -1.000000 0.000000 0.000000     -150.000000 -14.762250 36.260446
4.726637    -1.000000 0.000000 0.000000     -150.000000 -14.366289 31.260446
11.620819    -1.000000 0.000000 0.000000     -150.000000 -13.532962 33.760446
23.437500    -1.000000 -0.000000 0.000000     -150.000000 -10.416667 35.000000
23.437500    -1.000000 0.000000 0.000000     -150.000000 -8.333333 32.500000
23.437500    -1.000000 -0.000000 0.000000     -150.000000 -4.166667 35.000000
23.437500    -1.000000 0.000000 0.000000     -150.000000 -2.083333 32.500000
23.437500    -1.000000 -0.000000 0.000000     -150.000000 2.083333 35.000000
23.437500    -1.000000 0.000000 0.000000     -150.000000 4.166667 32.500000
23.437507    -1.000000 -0.000000 0.000000     -150.000000 8.333334 35.000000
23.437508    -1.000000 0.000000 0.000000     -150.000000 10.416668 32.500000
6.999640    -1.000000 -0.000000 0.000000     -150.000000 14.758176 36.234657
11.574919    -1.000000 0.000000 0.000000     -150.000000 13.528884 33.734657
4.629958    -1.000000 0.000000 0.000000     -150.000000 14.362216 31.234657
4.629909    -1.000000 0.000000 0.000000     -150.000000 -14.362203 28.765348
6.999645    -1.000000 0.000000 0.000000     -150.000000 -14.758163 23.765348
11.574855    -1.000000 0.000000 0.000000     -150.000000 -13.528876 26.265348
23.437500    -1.000000 -0.000000 0.000000     -150.000000 -10.416667 27.500000
23.437500    -1.000000 0.000000 0.000000     -150.000000 -8.333333 25.000000
23.437500    -1.000000 -0.000000 0.000000     -150.000000 -4.166667 27.500000
23.437500    -1.000000 0.000000 0.000000     -150.000000 -2.083333 25.000000
23.437500    -1.000000 -0.000000 0.000000     -150.000000 2.083333 27.500000
23.437500    -1.000000 0.000000 0.000000     -150.000000 4.166667 25.000000
23.437507    -1.000000 -0.000000 0.000000     -150.000000 8.333334 27.500000
23.437508    -1.000000 0.000000 0.000000     -150.000000 10.416668 25.000000
4.726645    -1.000000 -0.000000 -0.000000     -150.000000 14.366300 28.739559
11.620868    -1.000000 0.000000 0.000000     -150.000000 13.532968 26.239559
6.857017    -1.000000 0.000000 -0.000000     -150.000000 14.762261 23.739559
1.245465    -1.000000 0.000000 0.000000     -150.000000 -15.685366 18.840419
8.962771    -1.000000 0.000000 0.000000     -150.000000 -15.215193 20.879771
4.009377    -1.000000 0.000000 0.000000     -150.000000 -16.133631 15.460648
19.118929    -1.000000 0.000000 0.000000     -150.000000 -14.199460 17.960648
23.437500    -1.000000 -0.000000 0.000000     -150.000000 -10.416667 20.000000
23.437500    -1.000000 0.000000 0.000000     -150.000000 -8.333333 17.500000
23.437500    -1.000000 -0.000000 0.000000     -150.000000 -4.166667 20.000000
23.437500    -1.000000 0.000000 0.000000     -150.000000 -2.083333 17.500000
23.437500    -1.000000 -0.000000 0.000000     -150.000000 2.083333 20.000000
23.437500    -1.000000 0.000000 0.000000     -150.000000 4.166667 17.500000
23.437507    -1.000000 -0.000000 0.000000     -150.000000 8.333334 20.000000
23.437508    -1.000000 0.000000 0.000000     -150.000000 10.416668 17.500000
4.763853    -1.000000 -0.000000 -0.000000     -150.000000 15.094984 21.638827
15.364001    -1.000000 0.000000 0.000000     -150.000000 13.865691 19.138827
7.657372    -1.000000 0.000000 0.000000     -150.000000 15.920092 15.879773
5.551449    -1.000000 -0.000000 0.000000     -150.000000 15.351603 17.518600
11.170762    -1.000000 0.000000 0.000000     -150.000000 -19.874652 9.707254
2.547997    -1.000000 0.000000 -0.000000     -150.000000 -16.517504 14.707254
20.693003    -1.000000 0.000000 0.000000     -150.000000 -16.666667 12.207254
23.437500    -1.000000 0.000000 0.000000     -150.000000 -14.583333 10.000000
23.437500    -1.000000 -0.000000 0.000000     -150.000000 -10.416667 12.500000
23.437500    -1.000000 0.000000 0.000000     -150.000000 -8.333333 10.000000
23.437500    -1.000000 -0.000000 0.000000     -150.000000 -4.166667 12.500000
23.437500    -1.000000 0.000000 0.000000     -150.000000 -2.083333 10.000000
23.437500    -1.000000 -0.000000 0.000000     -150.000000 2.083333 12.500000
23.437500    -1.000000 0.000000 0.000000     -150.000000 4.166667 10.000000
23.437507    -1.000000 -0.000000 0.000000     -150.000000 8.333334 12.500000
23.437508    -1.000000 0.000000 0.000000     -150.000000 10.416668 10.000000
1.603448    -1.000000 -0.000000 0.000000     -150.000000 16.424953 12.388927
21.759502    -1.000000 -0.000000 0.000000     -150.000000 14.434180 12.500000
2.622446    -1.000000 0.000000 -0.000000     -150.000000 16.574108 12.096194
20.693122    -1.000000 0.000000 -0.000000     -150.000000 16.666669 9.707266
6.932285    -1.000000 0.000000 0.000000     -150.000000 19.447928 10.544777
4.238607    -1.000000 0.000000 -0.000000     -150.000000 20.572586 8.337510
12.899619    -1.000000 0.000000 0.000000     -150.000000 -22.916667 3.875959
3.396896    -1.000000 0.000000 0.000000     -150.000000 -22.129767 6.038818
1.706251    -1.000000 0.000000 0.000000     -150.000000 -21.171085 7.162858
23.437500    -1.000000 0.000000 0.000000     -150.000000 -20.833333 2.500000
23.437500    -1.000000 -0.000000 0.000000     -150.000000 -16.666667 5.000000
23.437500    -1.000000 0.000000 0.000000     -150.000000 -14.583333 2.500000
23.437500    -1.000000 -0.000000 0.000000     -150.000000 -10.416667 5.000000
23.437500    -1.000000 0.000000 0.000000     -150.000000 -8.333333 2.500000
23.437500    -1.000000 -0.000000 0.000000     -150.000000 -4.166667 5.000000
23.437500    -1.000000 0.000000 0.000000     -150.000000 -2.083333 2.500000
23.437500    -1.000000 -0.000000 0.000000     -150.000000 2.083333 5.000000
23.437500    -1.000000 0.000000 0.000000     -150.000000 4.166667 2.500000
23.437507    -1.000000 -0.000000 0.000000     -150.000000 8.333334 5.000000
23.437508    -1.000000 0.000000 0.000000     -150.000000 10.416668 2.500000
23.437500    -1.000000 -0.000000 0.000000     -150.000000 14.583335 5.000000
23.437500    -1.000000 0.000000 0.000000     -150.000000 16.666669 2.500000
12.652403    -1.000000 0.000000 0.000000     -150.000000 19.874660 5.000000
3.638764    -1.000000 0.000000 -0.000000     -150.000000 21.171098 4.662863
4.296012    -1.000000 0.000000 -0.000000     -150.000000 21.618850 4.049755
3.163563    -1.000000 -0.000000 -0.000000     -150.000000 24.489079 3.262859
17.689609    -1.000000 0.000000 -0.000000     -150.000000 22.405745 1.886892
11.718720    1.000000 -0.000000 0.000000     150.000000 -21.875003 57.500000
11.718780    1.000000 0.000000 -0.000000     150.000000 -19.791669 57.500000
12.899663    1.000000 0.000000 0.000000     150.000000 -22.916667 56.124036
3.396894    1.000000 0.000000 0.000000     150.000000 -22.129770 53.961176
1.706248    1.000000 0.000000 0.000000     150.000000 -21.171090 52.837140
11.718720    1.000000 -0.000000 0.000000     150.000000 -15.625003 57.500000
11.718780    1.000000 0.000000 -0.000000     150.000000 -13.541669 57.500000
23.437500    1.000000 0.000000 0.000000     150.000000 -16.666667 55.000000
11.718735    1.000000 -0.000000 0.000000     150.000000 -9.375001 57.500000
11.718765    1.000000 0.000000 -0.000000     150.000000 -7.291668 57.500000
23.437500    1.000000 0.000000 0.000000     150.000000 -10.416667 55.000000
11.718743    1.000000 -0.000000 0.000000     150.000000 -3.125001 57.500000
11.718757    1.000000 0.000000 -0.000000     150.000000 -1.041667 57.500000
23.437500    1.000000 0.000000 0.000000     150.000000 -4.166667 55.000000
11.718750    1.000000 -0.000000 0.000000     150.000000 3.125000 57.500000
11.718750    1.000000 0.000000 -0.000000     150.000000 5.208333 57.500000
23.437500    1.000000 0.000000 0.000000     150.000000 2.083333 55.000000
11.718758    1.000000 -0.000000 0.000000     150.000000 9.375001 57.500000
11.718750    1.000000 0.000000 -0.000000     150.000000 11.458335 57.500000
23.437508    1.000000 0.000000 0.000000     150.000000 8.333334 55.000000
11.718750    1.000000 -0.000000 0.000000     150.000000 15.625002 57.500000
11.718750    1.000000 0.000000 -0.000000     150.000000 17.708335 57.500000
23.437500    1.000000 0.000000 0.000000     150.000000 14.583335 55.000000
1.961830    1.000000 0.000000 0.000000     150.000000 23.116813 56.406544
8.844805    1.000000 0.000000 0.000000     150.000000 21.364078 58.113108
3.596694    1.000000 0.000000 -0.000000     150.000000 23.627737 56.917469
6.449842    1.000000 -0.000000 0.000000     150.000000 23.958335 58.624034
12.652395    1.000000 0.000000 0.000000     150.000000 19.874659 55.000000
3.638778    1.000000 0.000000 -0.000000     150.000000 21.171098 55.337138
4.295996    1.000000 0.000000 -0.000000     150.000000 21.618850 55.950246
11.170805    1.000000 -0.000000 0.000000     150.000000 -19.874654 50.292742
23.437500    1.000000 -0.000000 0.000000     150.000000 -14.583333 50.000000
2.547965    1.000000 0.000000 -0.000000     150.000000 -16.517507 45.292742
20.693041    1.000000 -0.000000 0.000000     150.000000 -16.666667 47.792742
23.437500    1.000000 -0.000000 0.000000     150.000000 -8.333333 50.000000
23.437500    1.000000 0.000000 0.000000     150.000000 -10.416667 47.500000
23.437500    1.000000 -0.000000 0.000000     150.000000 -2.083333 50.000000
23.437500    1.000000 0.000000 0.000000     150.000000 -4.166667 47.500000
23.437500    1.000000 -0.000000 0.000000     150.000000 4.166667 50.000000
23.437500    1.000000 0.000000 0.000000     150.000000 2.083333 47.500000
23.437507    1.000000 -0.000000 0.000000     150.000000 10.416668 50.000000
23.437508    1.000000 0.000000 0.000000     150.000000 8.333334 47.500000
2.622471    1.000000 0.000000 -0.000000     150.000000 16.574107 47.903810
20.693100    1.000000 0.000000 -0.000000     150.000000 16.666669 50.292736
1.603456    1.000000 0.000000 0.000000     150.000000 16.424950 47.611074
21.759487    1.000000 0.000000 0.000000     150.000000 14.434179 47.500000
4.238598    1.000000 0.000000 -0.000000     150.000000 20.572584 51.662491
6.932271    1.000000 0.000000 0.000000     150.000000 19.447927 49.455227
4.009353    1.000000 -0.000000 0.000000     150.000000 -16.133637 44.539355
19.118959    1.000000 0.000000 0.000000     150.000000 -14.199463 42.039355
1.245480    1.000000 0.000000 0.000000     150.000000 -15.685370 41.159584
8.962781    1.000000 0.000000 0.000000     150.000000 -15.215196 39.120229
23.437500    1.000000 -0.000000 0.000000     150.000000 -8.333333 42.500000
23.437500    1.000000 0.000000 0.000000     150.000000 -10.416667 40.000000
23.437500    1.000000 -0.000000 0.000000     150.000000 -2.083333 42.500000
23.437500    1.000000 0.000000 0.000000     150.000000 -4.166667 40.000000
23.437500    1.000000 -0.000000 0.000000     150.000000 4.166667 42.500000
23.437500    1.000000 0.000000 0.000000     150.000000 2.083333 40.000000
23.437507    1.000000 -0.000000 0.000000     150.000000 10.416668 42.500000
23.437508    1.000000 0.000000 0.000000     150.000000 8.333334 40.000000
5.551439    1.000000 0.000000 -0.000000     150.000000 15.351601 42.481402
7.657358    1.000000 -0.000000 0.000000     150.000000 15.920089 44.120228
4.763856    1.000000 0.000000 -0.000000     150.000000 15.094982 38.361174
15.363994    1.000000 0.000000 0.000000     150.000000 13.865690 40.861174
6.999649    1.000000 -0.000000 0.000000     150.000000 -14.758166 36.234652
11.574870    1.000000 0.000000 0.000000     150.000000 -13.528877 33.734652
4.629911    1.000000 0.000000 0.000000     150.000000 -14.362204 31.234652
23.437500    1.000000 -0.000000 0.000000     150.000000 -8.333333 35.000000
23.437500    1.000000 0.000000 0.000000     150.000000 -10.416667 32.500000
23.437500    1.000000 -0.000000 0.000000     150.000000 -2.083333 35.000000
23.437500    1.000000 0.000000 0.000000     150.000000 -4.166667 32.500000
23.437500    1.000000 -0.000000 0.000000     150.000000 4.166667 35.000000
23.437500    1.000000 0.000000 0.000000     150.000000 2.083333 32.500000
23.437507    1.000000 -0.000000 0.000000     150.000000 10.416668 35.000000
23.437508    1.000000 0.000000 0.000000     150.000000 8.333334 32.500000
6.857004    1.000000 0.000000 -0.000000     150.000000 14.762259 36.260442
4.726642    1.000000 0.000000 -0.000000     150.000000 14.366298 31.260442
11.620860    1.000000 0.000000 0.000000     150.000000 13.532967 33.760442
4.726637    1.000000 -0.000000 0.000000     150.000000 -14.366289 28.739554
11.620819    1.000000 0.000000 0.000000     150.000000 -13.532962 26.239554
6.856956    1.000000 0.000000 0.000000     150.000000 -14.762249 23.739554
23.437500    1.000000 -0.000000 0.000000     150.000000 -8.333333 27.500000
23.437500    1.000000 0.000000 0.000000     150.000000 -10.416667 25.000000
23.437500    1.000000 -0.000000 0.000000     150.000000 -2.083333 27.500000
23.437500    1.000000 0.000000 0.000000     150.000000 -4.166667 25.000000
23.437500    1.000000 -0.000000 0.000000     150.000000 4.166667 27.500000
23.437500    1.000000 0.000000 0.000000     150.000000 2.083333 25.000000
23.437507    1.000000 -0.000000 0.000000     150.000000 10.416668 27.500000
23.437508    1.000000 0.000000 0.000000     150.000000 8.333334 25.000000
4.629958    1.000000 0.000000 0.000000     150.000000 14.362215 28.765341
6.999635    1.000000 0.000000 0.000000     150.000000 14.758178 23.765341
11.574930    1.000000 0.000000 0.000000     150.000000 13.528885 26.265341
4.763862    1.000000 -0.000000 0.000000     150.000000 -15.094972 21.638821
15.363952    1.000000 0.000000 0.000000     150.000000 -13.865685 19.138821
5.551401    1.000000 0.000000 0.000000     150.000000 -15.351591 17.518592
7.657324    1.000000 0.000000 0.000000     150.000000 -15.920077 15.879771
23.437500    1.000000 -0.000000 0.000000     150.000000 -8.333333 20.000000
23.437500    1.000000 0.000000 0.000000     150.000000 -10.416667 17.500000
23.437500    1.000000 -0.000000 0.000000     150.000000 -2.083333 20.000000
23.437500    1.000000 0.000000 0.000000     150.000000 -4.166667 17.500000
23.437500    1.000000 -0.000000 0.000000     150.000000 4.166667 20.000000
23.437500    1.000000 0.000000 0.000000     150.000000 2.083333 17.500000
23.437507    1.000000 -0.000000 0.000000     150.000000 10.416668 20.000000
23.437508    1.000000 0.000000 0.000000     150.000000 8.333334 17.500000
1.245550    1.000000 0.000000 0.000000     150.000000 15.685390 18.840402
8.962800    1.000000 0.000000 0.000000     150.000000 15.215207 20.879773
4.009220    1.000000 0.000000 0.000000     150.000000 16.133656 15.460629
19.119109    1.000000 0.000000 0.000000     150.000000 14.199478 17.960629
6.932206    1.000000 0.000000 0.000000     150.000000 -19.447922 10.544760
4.238561    1.000000 0.000000 0.000000     150.000000 -20.572573 8.337506
1.603514    1.000000 -0.000000 0.000000     150.000000 -16.424939 12.388922
21.759424    1.000000 -0.000000 0.000000     150.000000 -14.434171 12.500000
2.622559    1.000000 0.000000 0.000000     150.000000 -16.574102 12.096176
20.693003    1.000000 0.000000 0.000000     150.000000 -16.666667 9.707254
23.437500    1.000000 -0.000000 0.000000     150.000000 -8.333333 12.500000
23.437500    1.000000 0.000000 0.000000     150.000000 -10.416667 10.000000
23.437500    1.000000 -0.000000 0.000000     150.000000 -2.083333 12.500000
23.437500    1.000000 0.000000 0.000000     150.000000 -4.166667 10.000000
23.437500    1.000000 -0.000000 0.000000     150.000000 4.166667 12.500000
23.437500    1.000000 0.000000 0.000000     150.000000 2.083333 10.000000
23.437507    1.000000 -0.000000 0.000000     150.000000 10.416668 12.500000
23.437508    1.000000 0.000000 0.000000     150.000000 8.333334 10.000000
2.547896    1.000000 0.000000 0.000000     150.000000 16.517513 14.707266
20.693122    1.000000 0.000000 0.000000     150.000000 16.666669 12.207266
23.437500    1.000000 0.000000 0.000000     150.000000 14.583335 10.000000
11.170889    1.000000 0.000000 0.000000     150.000000 19.874660 9.707266
12.652331    1.000000 0.000000 0.000000     150.000000 -19.874652 5.000000
3.638799    1.000000 0.000000 0.000000     150.000000 -21.171085 4.662858
4.295992    1.000000 0.000000 0.000000     150.000000 -21.618839 4.049746
3.163573    1.000000 -0.000000 0.000000     150.000000 -24.489072 3.262847
17.689575    1.000000 0.000000 0.000000     150.000000 -22.405739 1.886888
23.437500    1.000000 -0.000000 0.000000     150.000000 -14.583333 5.000000
23.437500    1.000000 0.000000 0.000000     150.000000 -16.666667 2.500000
23.437500    1.000000 -0.000000 0.000000     150.000000 -8.333333 5.000000
23.437500    1.000000 0.000000 0.000000     150.000000 -10.416667 2.500000
23.437500    1.000000 -0.000000 0.000000     150.000000 -2.083333 5.000000
23.437500    1.000000 0.000000 0.000000     150.000000 -4.166667 2.500000
23.437500    1.000000 -0.000000 0.000000     150.000000 4.166667 5.000000
23.437500    1.000000 0.000000 0.000000     150.000000 2.083333 2.500000
23.437507    1.000000 -0.000000 0.000000     150.000000 10.416668 5.000000
23.437508    1.000000 0.000000 0.000000     150.000000 8.333334 2.500000
23.437500    1.000000 -0.000000 0.000000     150.000000 16.666669 5.000000
23.437500    1.000000 0.000000 0.000000     150.000000 14.583335 2.500000
12.899697    1.000000 0.000000 -0.000000     150.000000 22.916669 3.875968
3.396917    1.000000 0.000000 0.000000     150.000000 22.129774 6.038831
1.706236    1.000000 0.000000 0.000000     150.000000 21.171098 7.162863
23.437500    1.000000 0.000000 0.000000     150.000000 20.833335 2.500000
117.187500    0.000000 0.000000 -1.000000     137.500000 -22.916667 0.000000
117.187500    0.000000 0.000000 -1.000000     125.000000 -20.833333 0.000000
117.187500    0.000000 0.000000 -1.000000     100.000000 -22.916667 0.000000
117.187500    0.000000 0.000000 -1.000000     87.500000 -20.833333 0.000000
117.187500    0.000000 0.000000 -1.000000     62.500000 -22.916667 0.000000
117.187500    0.000000 0.000000 -1.000000     50.000000 -20.833333 0.000000
117.187500    0.000000 0.000000 -1.000000     25.000000 -22.916667 0.000000
117.187500    0.000000 0.000000 -1.000000     12.500000 -20.833333 0.000000
117.187500    0.000000 0.000000 -1.000000     -12.500000 -22.916667 0.000000
117.187500    0.000000 0.000000 -1.000000     -25.000000 -20.833333 0.000000
117.187500    0.000000 0.000000 -1.000000     -50.000000 -22.916667 0.000000
117.187500    0.000000 0.000000 -1.000000     -62.500000 -20.833333 0.000000
117.187500    0.000000 0.000000 -1.000000     -87.500000 -22.916667 0.000000
117.187500    0.000000 0.000000 -1.000000     -100.000000 -20.833333 0.000000
117.187500    0.000000 0.000000 -1.000000     -125.000000 -22.916667 0.000000
117.187500    0.000000 0.000000 -1.000000     -137.500000 -20.833333 0.000000
117.187500    0.000000 0.000000 -1.000000     137.500000 -16.666667 0.000000
117.187500    0.000000 0.000000 -1.000000     125.000000 -14.583333 0.000000
117.187500    0.000000 0.000000 -1.000000     100.000000 -16.666667 0.000000
117.187500    0.000000 0.000000 -1.000000     87.500000 -14.583333 0.000000
117.187500    0.000000 0.000000 -1.000000     62.500000 -16.666667 0.000000
117.187500    0.000000 0.000000 -1.000000     50.000000 -14.583333 0.000000
117.187500    0.000000 0.000000 -1.000000     25.000000 -16.666667 0.000000
117.187500    0.000000 0.000000 -1.000000     12.500000 -14.583333 0.000000
117.187500    0.000000 0.000000 -1.000000     -12.500000 -16.666667 0.000000
117.187500    0.000000 0.000000 -1.000000     -25.000000 -14.583333 0.000000
117.187500    0.000000 0.000000 -1.000000     -50.000000 -16.666667 0.000000
117.187500    0.000000 0.000000 -1.000000     -62.500000 -14.583333 0.000000
117.187500    0.000000 0.000000 -1.000000     -87.500000 -16.666667 0.000000
117.187500    0.000000 0.000000 -1.000000     -100.000000 -14.583333 0.000000
117.187500    0.000000 0.000000 -1.000000     -125.000000 -16.666667 0.000000
117.187500    0.000000 0.000000 -1.000000     -137.500000 -14.583333 0.000000
117.187500    0.000000 0.000000 -1.000000     137.500000 -10.416667 0.000000
117.187500    0.000000 0.000000 -1.000000     125.000000 -8.333333 0.000000
117.187500    0.000000 0.000000 -1.000000     100.000000 -10.416667 0.000000
117.187500    0.000000 0.000000 -1.000000     87.500000 -8.333333 0.000000
117.187500    0.000000 0.000000 -1.000000     62.500000 -10.416667 0.000000
117.187500    0.000000 0.000000 -1.000000     50.000000 -8.333333 0.000000
117.187500    0.000000 0.000000 -1.000000     25.000000 -10.416667 0.000000
117.187500    0.000000 0.000000 -1.000000     12.500000 -8.333333 0.000000
117.187500    0.000000 0.000000 -1.000000     -12.500000 -10.416667 0.000000
117.187500    0.000000 0.000000 -1.000000     -25.000000 -8.333333 0.000000
117.187500    0.000000 0.000000 -1.000000     -50.000000 -10.416667 0.000000
117.187500    0.000000 0.000000 -1.000000     -62.500000 -8.333333 0.000000
117.187500    0.000000 0.000000 -1.000000     -87.500000 -10.416667 0.000000
117.187500    0.000000 0.000000 -1.000000     -100.000000 -8.333333 0.000000
117.187500    0.000000 0.000000 -1.000000     -125.000000 -10.416667 0.000000
117.187500    0.000000 0.000000 -1.000000     -137.500000 -8.333333 0.000000
117.187500    0.000000 0.000000 -1.000000     137.500000 -4.166667 0.000000
117.187500    0.000000 0.000000 -1.000000     125.000000 -2.083333 0.000000
117.187500    0.000000 0.000000 -1.000000     100.000000 -4.166667 0.000000
117.187500    0.000000 0.000000 -1.000000     87.500000 -2.083333 0.000000
117.187500    0.000000 0.000000 -1.000000     62.500000 -4.166667 0.000000
117.187500    0.000000 0.000000 -1.000000     50.000000 -2.083333 0.000000
117.187500    0.000000 0.000000 -1.000000     25.000000 -4.166667 0.000000
117.187500    0.000000 0.000000 -1.000000     12.500000 -2.083333 0.000000
117.187500    0.000000 0.000000 -1.000000     -12.500000 -4.166667 0.000000
117.187500    0.000000 0.000000 -1.000000     -25.000000 -2.083333 0.000000
117.187500    0.000000 0.000000 -1.000000     -50.000000 -4.166667 0.000000
117.187500    0.000000 0.000000 -1.000000     -62.500000 -2.083333 0.000000
117.187500    0.000000 0.000000 -1.000000     -87.500000 -4.166667 0.000000
117.187500    0.000000 0.000000 -1.000000     -100.000000 -2.083333 0.000000
117.187500    0.000000 0.000000 -1.000000     -125.000000 -4.166667 0.000000
117.187500    0.000000 0.000000 -1.000000     -137.500000 -2.083333 0.000000
117.187500    0.000000 0.000000 -1.000000     137.500000 2.083333 0.000000
117.187500    0.000000 0.000000 -1.000000     125.000000 4.166667 0.000000
117.187500    0.000000 0.000000 -1.000000     100.000000 2.083333 0.000000
117.187500    0.000000 0.000000 -1.000000     87.500000 4.166667 0.000000
117.187500    0.000000 0.000000 -1.000000     62.500000 2.083333 0.000000
117.187500    0.000000 0.000000 -1.000000     50.000000 4.166667 0.000000
117.187500    0.000000 0.000000 -1.000000     25.000000 2.083333 0.000000
117.187500    0.000000 0.000000 -1.000000     12.500000 4.166667 0.000000
117.187500    0.000000 0.000000 -1.000000     -12.500000 2.083333 0.000000
117.187500    0.000000 0.000000 -1.000000     -25.000000 4.166667 0.000000
117.187500    0.000000 0.000000 -1.000000     -50.000000 2.083333 0.000000
117.187500    0.000000 0.000000 -1.000000     -62.500000 4.166667 0.000000
117.187500    0.000000 0.000000 -1.000000     -87.500000 2.083333 0.000000
117.187500    0.000000 0.000000 -1.000000     -100.000000 4.166667 0.000000
117.187500    0.000000 0.000000 -1.000000     -125.000000 2.083333 0.000000
117.187500    0.000000 0.000000 -1.000000     -137.500000 4.166667 0.000000
117.187537    0.000000 0.000000 -1.000000     137.500000 8.333334 0.000000
117.187538    0.000000 0.000000 -1.000000     125.000000 10.416668 0.000000
117.187537    0.000000 0.000000 -1.000000     100.000000 8.333334 0.000000
117.187538    0.000000 0.000000 -1.000000     87.500000 10.416668 0.000000
117.187537    0.000000 0.000000 -1.000000     62.500000 8.333334 0.000000
117.187538    0.000000 0.000000 -1.000000     50.000000 10.416668 0.000000
117.187537    0.000000 0.000000 -1.000000     25.000000 8.333334 0.000000
117.187538    0.000000 0.000000 -1.000000     12.500000 10.416668 0.000000
117.187537    0.000000 0.000000 -1.000000     -12.500000 8.333334 0.000000
117.187538    0.000000 0.000000 -1.000000     -25.000000 10.416668 0.000000
117.187537    0.000000 0.000000 -1.000000     -50.000000 8.333334 0.000000
117.187538    0.000000 0.000000 -1.000000     -62.500000 10.416668 0.000000
117.187537    0.000000 0.000000 -1.000000     -87.500000 8.333334 0.000000
117.187538    0.000000 0.000000 -1.000000     -100.000000 10.416668 0.000000
117.187537    0.000000 0.000000 -1.000000     -125.000000 8.333334 0.000000
117.187538    0.000000 0.000000 -1.000000     -137.500000 10.416668 0.000000
117.187500    0.000000 0.000000 -1.000000     137.500000 14.583335 0.000000
117.187500    0.000000 0.000000 -1.000000     125.000000 16.666669 0.000000
117.187500    0.000000 0.000000 -1.000000     100.000000 14.583335 0.000000
117.187500    0.000000 0.000000 -1.000000     87.500000 16.666669 0.000000
117.187500    0.000000 0.000000 -1.000000     62.500000 14.583335 0.000000
117.187500    0.000000 0.000000 -1.000000     50.000000 16.666669 0.000000
117.187500    0.000000 0.000000 -1.000000     25.000000 14.583335 0.000000
117.187500    0.000000 0.000000 -1.000000     12.500000 16.666669 0.000000
117.187500    0.000000 0.000000 -1.000000     -12.500000 14.583335 0.000000
117.187500    0.000000 0.000000 -1.000000     -25.000000 16.666669 0.000000
117.187500    0.000000 0.000000 -1.000000     -50.000000 14.583335 0.000000
117.187500    0.000000 0.000000 -1.000000     -62.500000 16.666669 0.000000
117.187500    0.000000 0.000000 -1.000000     -87.500000 14.583335 0.000000
117.187500    0.000000 0.000000 -1.000000     -100.000000 16.666669 0.000000
117.187500    0.000000 0.000000 -1.000000     -125.000000 14.583335 0.000000
117.187500    0.000000 0.000000 -1.000000     -137.500000 16.666669 0.000000
117.187500    0.000000 0.000000 -1.000000     137.500000 20.833335 0.000000
117.187500    0.000000 0.000000 -1.000000     125.000000 22.916669 0.000000
117.187500    0.000000 0.000000 -1.000000     100.000000 20.833335 0.000000
117.187500    0.000000 0.000000 -1.000000     87.500000 22.916669 0.000000
117.187500    0.000000 0.000000 -1.000000     62.500000 20.833335 0.000000
117.187500    0.000000 0.000000 -1.000000     50.000000 22.916669 0.000000
117.187500    0.000000 0.000000 -1.000000     25.000000 20.833335 0.000000
117.187500    0.000000 0.000000 -1.000000     12.500000 22.916669 0.000000
117.187500    0.000000 0.000000 -1.000000     -12.500000 20.833335 0.000000
117.187500    0.000000 0.000000 -1.000000     -25.000000 22.916669 0.000000
117.187500    0.000000 0.000000 -1.000000     -50.000000 20.833335 0.000000
117.187500    0.000000 0.000000 -1.000000     -62.500000 22.916669 0.000000
117.187500    0.000000 0.000000 -1.000000     -87.500000 20.833335 0.000000
117.187500    0.000000 0.000000 -1.000000     -100.000000 22.916669 0.000000
117.187500    0.000000 0.000000 -1.000000     -125.000000 20.833335 0.000000
117.187500    0.000000 0.000000 -1.000000     -137.500000 22.916669 0.000000
34.799201    0.000000 1.000000 0.000000     144.379842 25.000002 2.751936
77.398219    0.000000 1.000000 0.000000     131.879842 25.000002 1.375968
3.899892    0.000000 1.000000 0.000000     125.629842 25.000002 2.751937
38.699053    -0.000000 1.000000 0.000000     118.750000 25.000002 2.751935
34.799214    0.000000 1.000000 0.000000     106.879834 25.000002 2.751933
77.398144    0.000000 1.000000 0.000000     94.379834 25.000002 1.375967
25.799369    -0.000000 1.000000 0.000000     79.166667 25.000002 2.751935
16.799573    0.000000 1.000000 0.000000     86.046501 25.000002 2.751935
34.799214    0.000000 1.000000 0.000000     69.379834 25.000002 2.751933
77.398144    0.000000 1.000000 0.000000     56.879834 25.000002 1.375967
12.899684    -0.000000 1.000000 0.000000     39.583333 25.000002 2.751935
29.699263    0.000000 1.000000 0.000000     46.463168 25.000002 2.751935
34.799214    0.000000 1.000000 0.000000     31.879834 25.000002 2.751933
77.398144    0.000000 1.000000 0.000000     19.379834 25.000002 1.375967
42.598954    0.000000 1.000000 0.000000     6.879834 25.000002 2.751935
34.799265    0.000000 1.000000 0.000000     -5.620166 25.000002 2.751935
77.398144    0.000000 1.000000 0.000000     -18.120166 25.000002 1.375967
42.598892    -0.000000 1.000000 0.000000     -30.620166 25.000002 2.751933
77.398144    0.000000 1.000000 0.000000     -55.620166 25.000002 1.375967
21.899574    -0.000000 1.000000 0.000000     -45.203499 25.000002 2.751935
12.899684    0.000000 1.000000 0.000000     -39.583333 25.000002 2.751935
42.598892    -0.000000 1.000000 0.000000     -68.120166 25.000002 2.751933
77.398144    0.000000 1.000000 0.000000     -93.120166 25.000002 1.375967
8.999884    -0.000000 1.000000 0.000000     -84.786832 25.000002 2.751935
25.799369    0.000000 1.000000 0.000000     -79.166667 25.000002 2.751935
42.598892    -0.000000 1.000000 0.000000     -105.620166 25.000002 2.751933
34.799198    0.000000 1.000000 0.000000     -118.120163 25.000002 2.751933
77.398144    0.000000 1.000000 0.000000     -130.620163 25.000002 1.375967
3.899898    0.000000 1.000000 0.000000     -136.870163 25.000002 2.751935
38.699091    0.000000 1.000000 0.000000     -143.750000 25.000002 2.751936
3.899824    0.000000 1.000000 0.000000     136.870168 25.000002 57.248067
38.699053    0.000000 1.000000 0.000000     143.750000 25.000002 57.248067
34.799229    0.000000 1.000000 0.000000     118.120168 25.000002 57.248067
77.398106    0.000000 1.000000 -0.000000     130.620168 25.000002 58.624034
42.598877    0.000000 1.000000 -0.000000     105.620168 25.000002 57.248067
77.398106    0.000000 1.000000 0.000000     93.120168 25.000002 58.624034
8.999860    0.000000 1.000000 0.000000     84.786835 25.000002 57.248067
25.799369    0.000000 1.000000 0.000000     79.166667 25.000002 57.248067
42.598892    0.000000 1.000000 -0.000000     68.120166 25.000002 57.248067
77.398106    0.000000 1.000000 0.000000     55.620166 25.000002 58.624034
21.899530    0.000000 1.000000 0.000000     45.203499 25.000002 57.248067
12.899684    0.000000 1.000000 0.000000     39.583333 25.000002 57.248067
42.598896    0.000000 1.000000 -0.000000     30.620165 25.000002 57.248067
34.799210    0.000000 1.000000 0.000000     5.620165 25.000002 57.248067
77.398106    0.000000 1.000000 -0.000000     18.120165 25.000002 58.624034
42.598896    0.000000 1.000000 -0.000000     -6.879835 25.000002 57.248067
34.799210    0.000000 1.000000 0.000000     -31.879835 25.000002 57.248067
77.398106    0.000000 1.000000 -0.000000     -19.379835 25.000002 58.624034
29.699208    0.000000 1.000000 0.000000     -46.463168 25.000002 57.248067
12.899684    0.000000 1.000000 0.000000     -39.583333 25.000002 57.248067
34.799214    0.000000 1.000000 0.000000     -69.379834 25.000002 57.248067
77.398106    0.000000 1.000000 -0.000000     -56.879834 25.000002 58.624034
16.799509    0.000000 1.000000 0.000000     -86.046499 25.000002 57.248067
25.799369    0.000000 1.000000 0.000000     -79.166667 25.000002 57.248067
34.799229    0.000000 1.000000 0.000000     -106.879832 25.000002 57.248067
77.398106    0.000000 1.000000 -0.000000     -94.379832 25.000002 58.624034
3.899824    0.000000 1.000000 0.000000     -125.629832 25.000002 57.248067
38.699053    0.000000 1.000000 -0.000000     -118.750000 25.000002 57.248067
34.799229    0.000000 1.000000 0.000000     -144.379832 25.000002 57.248067
77.398106    0.000000 1.000000 -0.000000     -131.879832 25.000002 58.624034
34.799265    0.000000 -1.000000 0.000000     144.379817 -25.000000 57.248072
77.397975    0.000000 -1.000000 0.000000     131.879817 -25.000000 58.624036
3.899723    0.000000 -1.000000 0.000000     125.629817 -25.000000 57.248072
38.698988    0.000000 -1.000000 0.000000     118.750000 -25.000000 57.248072
34.799248    0.000000 -1.000000 0.000000     106.879819 -25.000000 57.248072
77.397975    0.000000 -1.000000 0.000000     94.379819 -25.000000 58.624036
16.799402    -0.000000 -1.000000 -0.000002     86.046486 -24.999999 57.248072
25.799325    0.000000 -1.000000 0.000000     79.166667 -24.999999 57.248072
34.799265    0.000000 -1.000000 0.000000     69.379817 -25.000000 57.248072
77.397975    0.000000 -1.000000 0.000000     56.879817 -25.000000 58.624036
29.699048    0.000000 -1.000000 0.000000     46.463150 -25.000000 57.248072
12.899663    0.000000 -1.000000 0.000000     39.583333 -25.000000 57.248072
34.799261    0.000000 -1.000000 0.000000     31.879817 -25.000000 57.248072
77.397975    0.000000 -1.000000 0.000000     19.379817 -25.000000 58.624036
42.598714    0.000000 -1.000000 0.000000     6.879817 -25.000000 57.248072
34.799261    0.000000 -1.000000 0.000000     -5.620183 -25.000000 57.248072
77.397975    0.000000 -1.000000 0.000000     -18.120183 -25.000000 58.624036
42.598714    0.000000 -1.000000 0.000000     -30.620183 -25.000000 57.248072
77.397975    0.000000 -1.000000 0.000000     -55.620183 -25.000000 58.624036
21.899602    0.000000 -1.000000 0.000000     -45.203517 -25.000000 57.248072
12.899663    0.000000 -1.000000 0.000000     -39.583333 -25.000000 57.248072
42.598710    0.000000 -1.000000 0.000000     -68.120183 -25.000000 57.248072
77.397975    0.000000 -1.000000 0.000000     -93.120181 -25.000000 58.624036
8.999923    0.000001 -1.000000 -0.000004     -84.786847 -24.999999 57.248072
25.799325    -0.000000 -1.000000 0.000000     -79.166667 -24.999999 57.248072
42.598727    0.000000 -1.000000 0.000000     -105.620181 -25.000000 57.248072
34.799234    0.000000 -1.000000 0.000000     -118.120178 -25.000000 57.248072
77.397975    0.000000 -1.000000 0.000000     -130.620178 -25.000000 58.624036
3.899754    0.000000 -1.000000 0.000000     -136.870178 -25.000000 57.248072
38.698988    0.000000 -1.000000 0.000000     -143.750000 -25.000000 57.248072
3.899563    0.000000 -1.000000 0.000000     136.870204 -25.000000 2.751918
38.698856    0.000000 -1.000000 -0.000000     143.750000 -25.000000 2.751918
34.799273    0.000000 -1.000000 0.000000     118.120204 -25.000000 2.751919
77.397713    0.000000 -1.000000 -0.000000     130.620204 -25.000000 1.375959
42.598440    -0.000000 -1.000000 -0.000000     105.620204 -25.000000 2.751919
77.397713    0.000000 -1.000000 0.000000     93.120204 -25.000000 1.375959
9.000018    0.000000 -1.000000 0.000000     84.786870 -25.000000 2.751918
25.799237    -0.000000 -1.000000 0.000000     79.166667 -25.000000 2.751918
42.598440    -0.000000 -1.000000 -0.000000     68.120204 -25.000000 2.751919
77.397712    0.000000 -1.000000 0.000000     55.620204 -25.000000 1.375959
21.899637    0.000000 -1.000000 0.000000     45.203537 -25.000000 2.751918
12.899619    -0.000000 -1.000000 0.000000     39.583333 -25.000000 2.751918
42.598444    -0.000000 -1.000000 -0.000000     30.620203 -25.000000 2.751919
34.799252    0.000000 -1.000000 0.000000     5.620203 -25.000000 2.751918
77.397712    0.000000 -1.000000 -0.000000     18.120203 -25.000000 1.375959
42.598423    -0.000000 -1.000000 -0.000000     -6.879797 -25.000000 2.751918
34.799268    0.000000 -1.000000 0.000000     -31.879797 -25.000000 2.751919
77.397712    0.000000 -1.000000 -0.000000     -19.379797 -25.000000 1.375959
12.899619    0.000000 -1.000000 -0.000000     -39.583333 -25.000000 2.751918
29.698801    0.000000 -1.000000 0.000000     -46.463130 -25.000000 2.751918
34.799273    0.000000 -1.000000 0.000000     -69.379796 -25.000000 2.751919
77.397712    0.000000 -1.000000 -0.000000     -56.879796 -25.000000 1.375959
25.799237    0.000000 -1.000000 -0.000000     -79.166667 -25.000000 2.751918
16.799182    0.000000 -1.000000 0.000000     -86.046463 -25.000000 2.751918
34.799273    0.000000 -1.000000 0.000000     -106.879796 -25.000000 2.751919
77.397713    0.000000 -1.000000 -0.000000     -94.379796 -25.000000 1.375959
3.899563    0.000000 -1.000000 0.000000     -125.629796 -25.000000 2.751918
38.698856    0.000000 -1.000000 -0.000000     -118.750000 -25.000000 2.751918
34.799273    0.000000 -1.000000 0.000000     -144.379796 -25.000000 2.751919
77.397713    0.000000 -1.000000 -0.000000     -131.879796 -25.000000 1.375959
11.718750    -1.000000 0.000000 0.000000     -150.000000 19.791669 62.500000
18.982943    -1.000000 -0.000000 0.000000     -150.000000 21.479041 65.000000
11.718750    -1.000000 0.000000 0.000000     -150.000000 23.562375 62.500000
17.915299    -1.000000 0.000000 -0.000000     -150.000000 20.917282 69.973353
1.323775    -1.000000 0.000000 -0.000000     -150.000000 19.631830 72.398211
4.387721    -1.000000 0.000000 0.000000     -150.000000 19.140022 72.500000
0.570567    -1.000000 0.000000 0.000000     -150.000000 22.112846 67.575142
0.684519    -1.000000 0.000000 0.000000     -150.000000 19.140022 75.390020
15.045533    -1.000000 0.000000 -0.000000     -150.000000 15.314879 77.131828
3.656434    -1.000000 0.000000 0.000000     -150.000000 16.666669 75.390020
6.960975    -1.000000 0.000000 0.000000     -150.000000 13.231545 78.856356
14.926980    -1.000000 -0.000000 0.000000     -150.000000 7.576843 80.000000
10.811983    -1.000000 -0.000000 0.000000     -150.000000 9.660177 79.614548
19.823891    -1.000000 0.000000 0.000000     -150.000000 10.416668 77.114548
2.540399    -1.000000 0.000000 0.000000     -150.000000 8.068651 82.925471
1.114021    -1.000000 0.000000 0.000000     -150.000000 6.741809 83.428838
4.719066    -1.000000 0.000000 0.000000     -150.000000 4.166667 83.003367
7.812500    -1.000000 0.000000 0.000000     -150.000000 2.083333 83.836700
4.719091    -1.000000 0.000000 0.000000     -150.000000 -4.166667 83.003370
7.812500    -1.000000 0.000000 -0.000000     -150.000000 -2.083333 83.836703
1.114030    -1.000000 0.000000 0.000000     -150.000000 -6.741810 83.428846
2.540452    -1.000000 0.000000 0.000000     -150.000000 -8.068665 82.925476
10.811816    -1.000000 0.000000 0.000000     -150.000000 -9.660188 79.614555
19.823956    -1.000000 0.000000 0.000000     -150.000000 -10.416667 77.114555
14.927115    -1.000000 -0.000000 -0.000000     -150.000000 -7.576855 80.000000
15.045548    -1.000000 0.000000 0.000000     -150.000000 -15.314880 77.131841
3.656506    -1.000000 0.000000 0.000000     -150.000000 -16.666667 75.390027
6.961035    -1.000000 0.000000 -0.000000     -150.000000 -13.231547 78.856369
0.684544    -1.000000 0.000000 0.000000     -150.000000 -19.140026 75.390027
17.915366    -1.000000 0.000000 0.000000     -150.000000 -20.917288 69.973358
1.323743    -1.000000 0.000000 -0.000000     -150.000000 -19.631838 72.398214
4.387793    -1.000000 -0.000000 -0.000000     -150.000000 -19.140026 72.500000
0.570585    -1.000000 0.000000 0.000000     -150.000000 -22.112851 67.575144
11.718780    -1.000000 0.000000 -0.000000     -150.000000 -19.791669 62.500000
18.982972    -1.000000 0.000000 0.000000     -150.000000 -21.479045 65.000000
11.718720    -1.000000 0.000000 0.000000     -150.000000 -23.562378 62.500000
11.718780    1.000000 0.000000 0.000000     150.000000 -19.791669 62.500000
18.982987    1.000000 -0.000000 0.000000     150.000000 -21.479046 65.000000
11.718720    1.000000 0.000000 0.000000     150.000000 -23.562379 62.500000
17.915366    1.000000 0.000000 0.000000     150.000000 -20.917288 69.973358
1.323729    1.000000 0.000000 0.000000     150.000000 -19.631840 72.398214
4.387808    1.000000 0.000000 0.000000     150.000000 -19.140027 72.500000
0.570586    1.000000 0.000000 0.000000     150.000000 -22.112853 67.575144
0.684541    1.000000 0.000000 0.000000     150.000000 -19.140027 75.390025
15.045557    1.000000 0.000000 0.000000     150.000000 -15.314880 77.131838
3.656481    1.000000 0.000000 0.000000     150.000000 -16.666667 75.390025
6.961035    1.000000 0.000000 0.000000     150.000000 -13.231547 78.856369
14.927115    1.000000 -0.000000 0.000000     150.000000 -7.576855 80.000000
10.811816    1.000000 -0.000000 0.000000     150.000000 -9.660188 79.614555
19.823956    1.000000 0.000000 0.000000     150.000000 -10.416667 77.114555
2.540452    1.000000 0.000000 0.000000     150.000000 -8.068665 82.925476
1.114030    1.000000 0.000000 0.000000     150.000000 -6.741810 83.428846
4.719091    1.000000 0.000000 0.000000     150.000000 -4.166667 83.003370
7.812500    1.000000 0.000000 0.000000     150.000000 -2.083333 83.836703
4.719066    1.000000 0.000000 0.000000     150.000000 4.166667 83.003367
7.812500    1.000000 0.000000 0.000000     150.000000 2.083333 83.836700
1.114021    1.000000 0.000000 0.000000     150.000000 6.741809 83.428838
2.540398    1.000000 0.000000 0.000000     150.000000 8.068651 82.925471
10.811990    1.000000 0.000000 0.000000     150.000000 9.660176 79.614548
19.823891    1.000000 0.000000 -0.000000     150.000000 10.416668 77.114548
14.926972    1.000000 -0.000000 0.000000     150.000000 7.576842 80.000000
15.045533    1.000000 0.000000 0.000000     150.000000 15.314879 77.131828
3.656434    1.000000 0.000000 -0.000000     150.000000 16.666669 75.390020
6.960975    1.000000 0.000000 0.000000     150.000000 13.231545 78.856356
0.684519    1.000000 0.000000 0.000000     150.000000 19.140022 75.390020
17.915299    1.000000 0.000000 0.000000     150.000000 20.917282 69.973353
1.323775    1.000000 0.000000 0.000000     150.000000 19.631830 72.398211
4.387721    1.000000 -0.000000 0.000000     150.000000 19.140022 72.500000
0.570567    1.000000 0.000000 0.000000     150.000000 22.112846 67.575142
11.718750    1.000000 0.000000 0.000000     150.000000 19.791669 62.500000
18.982943    1.000000 0.000000 0.000000     150.000000 21.479041 65.000000
11.718750    1.000000 0.000000 0.000000     150.000000 23.562375 62.500000
11.718750    -1.000000 0.000000 -0.000000     -150.000000 17.708335 62.500000
11.718750    -1.000000 0.000000 0.000000     -150.000000 15.625002 62.500000
23.437500    -1.000000 0.000000 0.000000     -150.000000 14.583335 65.000000
23.437500    -1.000000 0.000000 0.000000     -150.000000 16.666669 70.000000
23.437500    -1.000000 0.000000 0.000000     -150.000000 14.583335 72.500000
23.437507    -1.000000 0.000000 0.000000     -150.000000 10.416668 70.000000
23.437508    -1.000000 0.000000 0.000000     -150.000000 8.333334 72.500000
9.765625    -1.000000 0.000000 0.000000     -150.000000 2.083333 76.458333
1.953125    -1.000000 0.000000 0.000000     -150.000000 2.083333 75.208333
9.765625    -1.000000 0.000000 0.000000     -150.000000 2.083333 78.541667
23.437500    -1.000000 0.000000 -0.000000     -150.000000 4.166667 79.791667
1.953125    -1.000000 0.000000 0.000000     -150.000000 2.083333 82.291667
9.765625    -1.000000 0.000000 -0.000000     -150.000000 -2.083333 76.458333
1.953125    -1.000000 0.000000 0.000000     -150.000000 -2.083333 75.208333
9.765625    -1.000000 0.000000 -0.000000     -150.000000 -2.083333 78.541667
1.953125    -1.000000 0.000000 -0.000000     -150.000000 -2.083333 79.791667
23.437500    -1.000000 0.000000 0.000000     -150.000000 -4.166667 80.000000
23.437500    -1.000000 0.000000 0.000000     -150.000000 -8.333333 70.000000
23.437500    -1.000000 0.000000 0.000000     -150.000000 -10.416667 72.500000
23.437500    -1.000000 0.000000 0.000000     -150.000000 -14.583333 70.000000
23.437500    -1.000000 0.000000 0.000000     -150.000000 -16.666667 72.500000
11.718780    -1.000000 0.000000 -0.000000     -150.000000 -13.541669 62.500000
11.718720    -1.000000 0.000000 0.000000     -150.000000 -15.625003 62.500000
23.437500    -1.000000 0.000000 0.000000     -150.000000 -16.666667 65.000000
11.718720    1.000000 0.000000 0.000000     150.000000 -17.708336 62.500000
11.718780    1.000000 0.000000 0.000000     150.000000 -15.625003 62.500000
23.437500    1.000000 0.000000 0.000000     150.000000 -14.583333 65.000000
23.437500    1.000000 0.000000 0.000000     150.000000 -16.666667 70.000000
23.437500    1.000000 0.000000 0.000000     150.000000 -14.583333 72.500000
23.437500    1.000000 0.000000 0.000000     150.000000 -10.416667 70.000000
23.437500    1.000000 0.000000 0.000000     150.000000 -8.333333 72.500000
9.765625    1.000000 0.000000 0.000000     150.000000 -2.083333 76.458333
1.953125    1.000000 0.000000 -0.000000     150.000000 -2.083333 75.208333
9.765625    1.000000 0.000000 0.000000     150.000000 -2.083333 78.541667
23.437500    1.000000 0.000000 0.000000     150.000000 -4.166667 79.791667
1.953125    1.000000 0.000000 0.000000     150.000000 -2.083333 82.291667
9.765625    1.000000 0.000000 0.000000     150.000000 2.083333 76.458333
1.953125    1.000000 0.000000 0.000000     150.000000 2.083333 75.208333
9.765625    1.000000 0.000000 0.000000     150.000000 2.083333 78.541667
1.953125    1.000000 0.000000 0.000000     150.000000 2.083333 79.791667
23.437500    1.000000 0.000000 0.000000     150.000000 4.166667 80.000000
23.437507    1.000000 0.000000 0.000000     150.000000 8.333334 70.000000
23.437508    1.000000 0.000000 0.000000     150.000000 10.416668 72.500000
23.437500    1.000000 0.000000 0.000000     150.000000 14.583335 70.000000
23.437500    1.000000 0.000000 0.000000     150.000000 16.666669 72.500000
11.718750    1.000000 0.000000 0.000000     150.000000 13.541669 62.500000
11.718750    1.000000 0.000000 0.000000     150.000000 15.625002 62.500000
23.437500    1.000000 0.000000 0.000000     150.000000 16.666669 65.000000
11.718750    -1.000000 0.000000 -0.000000     -150.000000 11.458335 62.500000
11.718758    -1.000000 0.000000 0.000000     -150.000000 9.375001 62.500000
23.437508    -1.000000 0.000000 0.000000     -150.000000 8.333334 65.000000
5.859375    -1.000000 0.000000 0.000000     -150.000000 2.083333 68.125000
9.765625    -1.000000 0.000000 0.000000     -150.000000 2.083333 69.791667
23.437500    -1.000000 0.000000 -0.000000     -150.000000 4.166667 71.666667
7.812500    -1.000000 0.000000 0.000000     -150.000000 2.083333 74.166667
5.859375    -1.000000 0.000000 -0.000000     -150.000000 -2.083333 68.125000
9.765625    -1.000000 0.000000 -0.000000     -150.000000 -2.083333 69.791667
7.812500    -1.000000 0.000000 -0.000000     -150.000000 -2.083333 71.666667
23.437500    -1.000000 0.000000 0.000000     -150.000000 -4.166667 72.500000
11.718765    -1.000000 0.000000 -0.000000     -150.000000 -7.291668 62.500000
11.718735    -1.000000 0.000000 0.000000     -150.000000 -9.375001 62.500000
23.437500    -1.000000 0.000000 0.000000     -150.000000 -10.416667 65.000000
11.718735    1.000000 0.000000 0.000000     150.000000 -11.458335 62.500000
11.718765    1.000000 0.000000 0.000000     150.000000 -9.375001 62.500000
23.437500    1.000000 0.000000 0.000000     150.000000 -8.333333 65.000000
5.859375    1.000000 0.000000 0.000000     150.000000 -2.083333 68.125000
9.765625    1.000000 0.000000 0.000000     150.000000 -2.083333 69.791667
23.437500    1.000000 0.000000 0.000000     150.000000 -4.166667 71.666667
7.812500    1.000000 0.000000 0.000000     150.000000 -2.083333 74.166667
5.859375    1.000000 0.000000 0.000000     150.000000 2.083333 68.125000
9.765625    1.000000 0.000000 0.000000     150.000000 2.083333 69.791667
7.812500    1.000000 0.000000 0.000000     150.000000 2.083333 71.666667
23.437500    1.000000 0.000000 0.000000     150.000000 4.166667 72.500000
11.718757    1.000000 0.000000 0.000000     150.000000 7.291667 62.500000
11.718750    1.000000 0.000000 0.000000     150.000000 9.375001 62.500000
23.437508    1.000000 0.000000 0.000000     150.000000 10.416668 65.000000
4.882813    -1.000000 0.000000 0.000000     -150.000000 1.041667 61.041667
4.882813    -1.000000 0.000000 0.000000     -150.000000 1.041667 63.125000
9.765625    -1.000000 0.000000 0.000000     -150.000000 3.125000 62.083333
23.437500    -1.000000 0.000000 -0.000000     -150.000000 4.166667 64.583333
3.906250    -1.000000 0.000000 0.000000     -150.000000 2.083333 67.083333
4.882816    -1.000000 0.000000 -0.000000     -150.000000 -1.041667 61.041667
4.882809    -1.000000 0.000000 0.000000     -150.000000 -3.125001 61.041667
9.765625    -1.000000 0.000000 -0.000000     -150.000000 -2.083333 63.125000
3.906250    -1.000000 0.000000 -0.000000     -150.000000 -2.083333 64.583333
23.437500    -1.000000 0.000000 0.000000     -150.000000 -4.166667 65.000000
4.882816    1.000000 0.000000 0.000000     150.000000 -1.041667 61.041667
4.882816    1.000000 0.000000 0.000000     150.000000 -1.041667 63.125000
9.765619    1.000000 0.000000 0.000000     150.000000 -3.125001 62.083333
23.437500    1.000000 0.000000 0.000000     150.000000 -4.166667 64.583333
3.906250    1.000000 0.000000 0.000000     150.000000 -2.083333 67.083333
4.882813    1.000000 0.000000 0.000000     150.000000 1.041667 61.041667
4.882813    1.000000 0.000000 0.000000     150.000000 3.125000 61.041667
9.765625    1.000000 0.000000 0.000000     150.000000 2.083333 63.125000
3.906250    1.000000 0.000000 0.000000     150.000000 2.083333 64.583333
23.437500    1.000000 0.000000 0.000000     150.000000 4.166667 65.000000
142.377904    -0.000000 0.987688 0.156434     137.500000 24.196179 65.075142
4.279427    0.000000 0.987688 0.156439     137.500000 23.788317 67.650284
146.657332    0.000000 0.987688 0.156434     125.000000 24.592140 62.575142
146.657311    0.000000 0.891007 0.453990     125.000000 21.409090 72.371564
146.657311    0.000000 0.891007 0.453990     137.500000 22.592753 70.048495
107.534196    -0.000000 0.707107 0.707107     137.500000 16.046422 78.873637
31.025874    -0.000000 0.707107 0.707107     137.500000 17.788232 77.131828
146.657336    -0.000000 0.707107 0.707107     125.000000 18.280040 76.640020
8.097265    0.000000 0.707107 0.707107     137.500000 20.123639 74.796422
52.716372    -0.000000 0.453991 0.891006     137.500000 8.560459 83.350942
47.757994    -0.000000 0.453991 0.891006     137.500000 10.151985 82.540019
146.657295    0.000000 0.453990 0.891007     125.000000 11.640020 81.781827
46.182929    0.000000 0.453990 0.891007     137.500000 13.963089 80.598165
118.648246    0.000000 0.156434 0.987688     137.500000 2.083333 84.670034
146.657332    -0.000000 0.156434 0.987688     125.000000 4.658475 84.262171
28.009086    0.000000 0.156437 0.987688     137.500000 7.233617 83.854309
146.657362    0.000000 -0.156432 0.987689     125.000000 -4.658477 84.262179
28.009139    0.000000 -0.156432 0.987689     137.500000 -7.233620 83.854322
118.648222    0.000000 -0.156433 0.987689     137.500000 -2.083333 84.670036
46.183181    0.000000 -0.453990 0.891007     137.500000 -13.963094 80.598183
47.757130    -0.000000 -0.453990 0.891007     137.500000 -12.475068 81.356369
146.657378    -0.000000 -0.453990 0.891007     125.000000 -10.883545 82.167290
52.717067    0.000000 -0.453990 0.891007     137.500000 -8.560475 83.350952
146.657429    0.000000 -0.707107 0.707107     125.000000 -17.890026 77.030052
31.026378    -0.000000 -0.707104 0.707109     137.500000 -19.631840 75.288238
8.097000    0.000000 -0.707111 0.707102     137.500000 -20.123652 74.796427
107.534050    0.000000 -0.707107 0.707106     137.500000 -16.046427 78.873652
146.657362    0.000000 -0.891006 0.453991     125.000000 -22.592764 70.048502
146.657362    0.000000 -0.891006 0.453991     137.500000 -21.409101 72.371572
142.377869    0.000000 -0.987689 0.156433     137.500000 -24.604043 62.500000
146.657417    0.000000 -0.987689 0.156432     125.000000 -24.196186 65.075144
4.279548    0.000000 -0.987690 0.156421     137.500000 -23.788329 67.650289
142.377881    -0.000000 -0.987689 0.156433     -137.500000 -24.196185 65.075144
4.279536    0.000000 -0.987693 0.156404     -137.500000 -23.788327 67.650289
146.657417    0.000000 -0.987689 0.156432     -125.000000 -24.592143 62.575144
146.657362    0.000000 -0.891006 0.453991     -125.000000 -21.409101 72.371572
146.657362    0.000000 -0.891006 0.453991     -137.500000 -22.592764 70.048502
107.533944    0.000000 -0.707107 0.707107     -137.500000 -16.046427 78.873655
31.026431    0.000000 -0.707108 0.707106     -137.500000 -17.788240 77.131841
146.657429    -0.000000 -0.707107 0.707107     -125.000000 -18.280052 76.640027
8.097053    0.000000 -0.707107 0.707107     -137.500000 -20.123651 74.796427
52.717067    0.000000 -0.453990 0.891007     -137.500000 -8.560475 83.350952
47.757130    -0.000000 -0.453990 0.891007     -137.500000 -10.151998 82.540031
146.657378    0.000000 -0.453990 0.891007     -125.000000 -11.640024 81.781845
46.183181    0.000000 -0.453990 0.891007     -137.500000 -13.963094 80.598183
118.648222    0.000000 -0.156433 0.987689     -137.500000 -2.083333 84.670036
146.657362    -0.000000 -0.156432 0.987689     -125.000000 -4.658477 84.262179
28.009139    0.000000 -0.156432 0.987689     -137.500000 -7.233620 83.854322
146.657332    0.000000 0.156434 0.987688     -125.000000 4.658475 84.262171
28.009086    -0.000000 0.156437 0.987688     -137.500000 7.233617 83.854309
118.648246    -0.000000 0.156434 0.987688     -137.500000 2.083333 84.670034
46.182929    0.000000 0.453990 0.891007     -137.500000 13.963089 80.598165
47.757961    -0.000000 0.453991 0.891006     -137.500000 12.475054 81.356356
146.657295    -0.000000 0.453990 0.891007     -125.000000 10.883529 82.167280
52.716405    -0.000000 0.453990 0.891007     -137.500000 8.560460 83.350942
146.657336    0.000000 0.707107 0.707107     -125.000000 17.890021 77.030039
31.025874    0.000000 0.707107 0.707107     -137.500000 19.631830 75.288231
8.097265    -0.000000 0.707107 0.707107     -137.500000 20.123639 74.796422
107.534196    -0.000000 0.707107 0.707107     -137.500000 16.046422 78.873637
146.657311    -0.000000 0.891007 0.453990     -125.000000 22.592753 70.048495
146.657311    -0.000000 0.891007 0.453990     -137.500000 21.409090 72.371564
142.377904    0.000000 0.987688 0.156434     -137.500000 24.604041 62.500000
146.657332    0.000000 0.987688 0.156434     -125.000000 24.196179 65.075142
4.279427    -0.000000 0.987688 0.156439     -137.500000 23.788317 67.650284
146.657332    0.000000 0.987688 0.156434     -87.500000 24.184277 65.150284
146.657332    0.000000 0.987688 0.156434     -100.000000 24.592140 62.575142
146.657332    0.000000 0.987688 0.156434     -50.000000 24.184277 65.150284
146.657332    0.000000 0.987688 0.156434     -62.500000 24.592140 62.575142
146.657332    0.000000 0.987688 0.156434     -12.500000 24.184277 65.150284
146.657332    0.000000 0.987688 0.156434     -25.000000 24.592140 62.575142
146.657332    0.000000 0.987688 0.156434     25.000000 24.184277 65.150284
146.657332    0.000000 0.987688 0.156434     12.500000 24.592140 62.575142
146.657332    0.000000 0.987688 0.156434     62.500000 24.184277 65.150284
146.657332    0.000000 0.987688 0.156434     50.000000 24.592140 62.575142
146.657332    0.000000 0.987688 0.156434     100.000000 24.184277 65.150284
146.657332    0.000000 0.987688 0.156434     87.500000 24.592140 62.575142
146.657311    0.000000 0.891007 0.453990     100.000000 21.409090 72.371564
146.657311    -0.000000 0.891007 0.453990     87.500000 22.592753 70.048495
146.657336    0.000000 0.707107 0.707107     100.000000 16.538231 78.381828
146.657336    -0.000000 0.707107 0.707107     87.500000 18.381829 76.538231
146.657295    0.000000 0.453990 0.891007     100.000000 10.048495 82.592751
146.657295    -0.000000 0.453990 0.891007     87.500000 12.371563 81.409088
146.657332    0.000000 0.156434 0.987688     100.000000 2.575142 84.592138
146.657332    -0.000000 0.156434 0.987688     87.500000 5.150284 84.184275
146.657362    0.000000 -0.156432 0.987689     100.000000 -5.150287 84.184285
146.657362    0.000000 -0.156432 0.987689     87.500000 -2.575143 84.592143
146.657378    0.000000 -0.453990 0.891007     100.000000 -12.371571 81.409103
146.657378    0.000000 -0.453990 0.891007     87.500000 -10.048500 82.592766
146.657429    0.000000 -0.707107 0.707107     100.000000 -18.381838 76.538241
146.657429    0.000000 -0.707107 0.707107     87.500000 -16.538240 78.381841
146.657362    0.000000 -0.891006 0.453991     100.000000 -22.592764 70.048502
146.657362    0.000000 -0.891006 0.453991     87.500000 -21.409101 72.371572
146.657417    0.000000 -0.987689 0.156432     100.000000 -24.592143 62.575144
146.657417    0.000000 -0.987689 0.156432     87.500000 -24.184285 65.150289
146.657417    0.000000 -0.987689 0.156432     62.500000 -24.592143 62.575144
146.657417    0.000000 -0.987689 0.156432     50.000000 -24.184285 65.150289
146.657417    0.000000 -0.987689 0.156432     25.000000 -24.592143 62.575144
146.657417    0.000000 -0.987689 0.156432     12.500000 -24.184285 65.150289
146.657417    0.000000 -0.987689 0.156432     -12.500000 -24.592143 62.575144
146.657417    0.000000 -0.987689 0.156432     -25.000000 -24.184285 65.150289
146.657417    0.000000 -0.987689 0.156432     -50.000000 -24.592143 62.575144
146.657417    0.000000 -0.987689 0.156432     -62.500000 -24.184285 65.150289
146.657417    0.000000 -0.987689 0.156432     -87.500000 -24.592143 62.575144
146.657417    0.000000 -0.987689 0.156432     -100.000000 -24.184285 65.150289
146.657362    0.000000 -0.891006 0.453991     -87.500000 -22.592764 70.048502
146.657362    0.000000 -0.891006 0.453991     -100.000000 -21.409101 72.371572
146.657429    0.000000 -0.707107 0.707107     -87.500000 -18.381838 76.538241
146.657429    0.000000 -0.707107 0.707107     -100.000000 -16.538240 78.381841
146.657378    0.000000 -0.453990 0.891007     -87.500000 -12.371571 81.409103
146.657378    0.000000 -0.453990 0.891007     -100.000000 -10.048500 82.592766
146.657362    0.000000 -0.156432 0.987689     -87.500000 -5.150287 84.184285
146.657362    0.000000 -0.156432 0.987689     -100.000000 -2.575143 84.592143
146.657332    0.000000 0.156434 0.987688     -87.500000 2.575142 84.592138
146.657332    -0.000000 0.156434 0.987688     -100.000000 5.150284 84.184275
146.657295    0.000000 0.453990 0.891007     -87.500000 10.048495 82.592751
146.657295    -0.000000 0.453990 0.891007     -100.000000 12.371563 81.409088
146.657336    0.000000 0.707107 0.707107     -87.500000 16.538231 78.381828
146.657336    -0.000000 0.707107 0.707107     -100.000000 18.381829 76.538231
146.657311    0.000000 0.891007 0.453990     -87.500000 21.409090 72.371564
146.657311    -0.000000 0.891007 0.453990     -100.000000 22.592753 70.048495
146.657311    0.000000 0.891007 0.453990     -50.000000 21.409090 72.371564
146.657311    -0.000000 0.891007 0.453990     -62.500000 22.592753 70.048495
146.657311    0.000000 0.891007 0.453990     -12.500000 21.409090 72.371564
146.657311    -0.000000 0.891007 0.453990     -25.000000 22.592753 70.048495
146.657311    0.000000 0.891007 0.453990     25.000000 21.409090 72.371564
146.657311    -0.000000 0.891007 0.453990     12.500000 22.592753 70.048495
146.657311    0.000000 0.891007 0.453990     62.500000 21.409090 72.371564
146.657311    -0.000000 0.891007 0.453990     50.000000 22.592753 70.048495
146.657336    0.000000 0.707107 0.707107     62.500000 16.538231 78.381828
146.657336    -0.000000 0.707107 0.707107     50.000000 18.381829 76.538231
146.657295    0.000000 0.453990 0.891007     62.500000 10.048495 82.592751
146.657295    -0.000000 0.453990 0.891007     50.000000 12.371563 81.409088
146.657332    0.000000 0.156434 0.987688     62.500000 2.575142 84.592138
146.657332    -0.000000 0.156434 0.987688     50.000000 5.150284 84.184275
146.657362    0.000000 -0.156432 0.987689     62.500000 -5.150287 84.184285
146.657362    0.000000 -0.156432 0.987689     50.000000 -2.575143 84.592143
146.657378    0.000000 -0.453990 0.891007     62.500000 -12.371571 81.409103
146.657378    0.000000 -0.453990 0.891007     50.000000 -10.048500 82.592766
146.657429    0.000000 -0.707107 0.707107     62.500000 -18.381838 76.538241
146.657429    0.000000 -0.707107 0.707107     50.000000 -16.538240 78.381841
146.657362    0.000000 -0.891006 0.453991     62.500000 -22.592764 70.048502
146.657362    0.000000 -0.891006 0.453991     50.000000 -21.409101 72.371572
146.657362    0.000000 -0.891006 0.453991     25.000000 -22.592764 70.048502
146.657362    0.000000 -0.891006 0.453991     12.500000 -21.409101 72.371572
146.657362    0.000000 -0.891006 0.453991     -12.500000 -22.592764 70.048502
146.657362    0.000000 -0.891006 0.453991     -25.000000 -21.409101 72.371572
146.657362    0.000000 -0.891006 0.453991     -50.000000 -22.592764 70.048502
146.657362    0.000000 -0.891006 0.453991     -62.500000 -21.409101 72.371572
146.657429    0.000000 -0.707107 0.707107     -50.000000 -18.381838 76.538241
146.657429    0.000000 -0.707107 0.707107     -62.500000 -16.538240 78.381841
146.657378    0.000000 -0.453990 0.891007     -50.000000 -12.371571 81.409103
146.657378    0.000000 -0.453990 0.891007     -62.500000 -10.048500 82.592766
146.657362    0.000000 -0.156432 0.987689     -50.000000 -5.150287 84.184285
146.657362    0.000000 -0.156432 0.987689     -62.500000 -2.575143 84.592143
146.657332    0.000000 0.156434 0.987688     -50.000000 2.575142 84.592138
146.657332    -0.000000 0.156434 0.987688     -62.500000 5.150284 84.184275
146.657295    0.000000 0.453990 0.891007     -50.000000 10.048495 82.592751
146.657295    -0.000000 0.453990 0.891007     -62.500000 12.371563 81.409088
146.657336    0.000000 0.707107 0.707107     -50.000000 16.538231 78.381828
146.657336    -0.000000 0.707107 0.707107     -62.500000 18.381829 76.538231
146.657336    0.000000 0.707107 0.707107     -12.500000 16.538231 78.381828
146.657336    -0.000000 0.707107 0.707107     -25.000000 18.381829 76.538231
146.657336    0.000000 0.707107 0.707107     25.000000 16.538231 78.381828
146.657336    -0.000000 0.707107 0.707107     12.500000 18.381829 76.538231
146.657295    0.000000 0.453990 0.891007     25.000000 10.048495 82.592751
146.657295    -0.000000 0.453990 0.891007     12.500000 12.371563 81.409088
146.657332    0.000000 0.156434 0.987688     25.000000 2.575142 84.592138
146.657332    -0.000000 0.156434 0.987688     12.500000 5.150284 84.184275
146.657362    0.000000 -0.156432 0.987689     25.000000 -5.150287 84.184285
146.657362    0.000000 -0.156432 0.987689     12.500000 -2.575143 84.592143
146.657378    0.000000 -0.453990 0.891007     25.000000 -12.371571 81.409103
146.657378    0.000000 -0.453990 0.891007     12.500000 -10.048500 82.592766
146.657429    0.000000 -0.707107 0.707107     25.000000 -18.381838 76.538241
146.657429    0.000000 -0.707107 0.707107     12.500000 -16.538240 78.381841
146.657429    0.000000 -0.707107 0.707107     -12.500000 -18.381838 76.538241
146.657429    0.000000 -0.707107 0.707107     -25.000000 -16.538240 78.381841
146.657378    0.000000 -0.453990 0.891007     -12.500000 -12.371571 81.409103
146.657378    0.000000 -0.453990 0.891007     -25.000000 -10.048500 82.592766
146.657362    0.000000 -0.156432 0.987689     -12.500000 -5.150287 84.184285
146.657362    0.000000 -0.156432 0.987689     -25.000000 -2.575143 84.592143
146.657332    0.000000 0.156434 0.987688     -12.500000 2.575142 84.592138
146.657332    -0.000000 0.156434 0.987688     -25.000000 5.150284 84.184275
146.657295    0.000000 0.453990 0.891007     -12.500000 10.048495 82.592751
146.657295    -0.000000 0.453990 0.891007     -25.000000 12.371563 81.409088
27.770354    0.000000 -0.891006 -0.453991     -143.750000 -17.405988 43.240458
117.325906    0.000000 -0.891006 -0.453991     -137.500000 -19.299851 46.957369
3.506169    -0.000001 -0.891007 -0.453989     -143.750000 -19.804713 47.948217
5.734367    0.000000 -0.891006 -0.453991     -143.750000 -19.953873 48.240959
43.236740    0.000000 -0.891006 -0.453991     -143.750000 -20.744359 49.792375
26.436288    -0.000000 -0.891007 -0.453990     -143.750000 -21.869013 51.999632
10.641988    -0.000000 -0.891006 -0.453992     -143.750000 -22.467527 53.174281
35.891931    0.000000 -0.987688 -0.156434     -143.750000 -15.199616 31.260446
117.325918    -0.000000 -0.987688 -0.156435     -137.500000 -15.852196 35.380675
35.297025    0.000000 -0.987688 -0.156435     -143.750000 -16.248158 37.880675
24.522539    -0.000000 -0.987689 -0.156433     -143.750000 -16.580881 39.981407
21.614422    0.000000 -0.987688 -0.156435     -143.750000 -16.837499 41.601636
46.136961    0.000000 -0.987688 0.156434     -143.750000 -16.701099 19.259542
117.325912    -0.000000 -0.987688 0.156434     -137.500000 -16.048520 23.379771
36.031529    -0.000000 -0.987688 0.156434     -143.750000 -15.591490 26.265348
35.157422    0.000000 -0.987688 0.156434     -143.750000 -15.195530 28.765348
10.642017    0.000000 -0.891007 0.453990     -143.750000 -22.467519 6.825717
117.325922    0.000000 -0.891007 0.453990     -137.500000 -20.573658 10.542629
69.672898    0.000000 -0.891007 0.453990     -143.750000 -19.277224 13.087025
9.240671    -0.000000 -0.891006 0.453992     -143.750000 -18.003410 15.587025
14.540543    0.000000 -0.891008 0.453988     -143.750000 -17.619537 16.340419
13.229794    0.000000 -0.891006 0.453992     -143.750000 -17.171272 17.220190
28.144837    0.000000 -0.707106 0.707107     -144.379796 -24.213100 4.914777
3.153893    0.000001 -0.707107 0.707107     -131.879796 -24.213100 4.914776
31.298729    0.000000 -0.707106 0.707107     -138.129796 -23.426201 5.701676
13.586808    0.000000 -0.707107 0.707107     -90.213130 -24.213100 4.914776
73.030368    0.000000 -0.707106 0.707107     -104.796463 -23.426201 5.701676
28.144837    0.000000 -0.707106 0.707107     -113.129796 -24.213100 4.914777
31.298743    -0.000000 -0.707107 0.707107     -125.000000 -24.213100 4.914776
24.019722    0.000000 -0.707107 0.707107     -48.546463 -24.213100 4.914776
73.030368    0.000000 -0.707106 0.707107     -63.129796 -23.426201 5.701676
28.144837    0.000000 -0.707106 0.707107     -73.546463 -24.213100 4.914777
20.865828    -0.000000 -0.707107 0.707107     -83.333333 -24.213100 4.914776
34.452639    0.000000 -0.707107 0.707107     -6.879797 -24.213100 4.914776
73.030368    0.000000 -0.707106 0.707107     -21.463130 -23.426201 5.701676
28.144834    0.000000 -0.707106 0.707107     -33.963130 -24.213100 4.914777
10.432914    -0.000000 -0.707107 0.707107     -41.666667 -24.213100 4.914776
10.432914    0.000000 -0.707107 0.707107     41.666667 -24.213100 4.914776
73.030368    0.000000 -0.707106 0.707107     27.083333 -23.426201 5.701676
34.452625    0.000000 -0.707106 0.707107     18.120203 -24.213100 4.914777
28.144846    -0.000000 -0.707107 0.707107     5.620203 -24.213100 4.914776
20.865828    0.000000 -0.707107 0.707107     83.333333 -24.213100 4.914776
73.030368    0.000000 -0.707106 0.707107     68.750000 -23.426201 5.701676
34.452621    0.000000 -0.707106 0.707107     57.703537 -24.213100 4.914777
17.711935    -0.000000 -0.707107 0.707107     47.286870 -24.213100 4.914776
3.153893    0.000001 -0.707107 0.707107     130.620204 -24.213100 4.914776
73.030368    0.000000 -0.707106 0.707107     116.036870 -23.426201 5.701676
28.144837    0.000000 -0.707106 0.707107     109.786870 -24.213100 4.914777
7.279021    -0.000000 -0.707107 0.707107     88.953537 -24.213100 4.914776
34.452621    0.000000 -0.707106 0.707107     97.286870 -24.213100 4.914777
10.976679    0.000000 -0.707105 0.707108     143.750000 -22.915273 6.212605
31.298743    -0.000000 -0.707107 0.707107     137.500000 -23.702172 5.425705
20.322050    -0.000000 -0.707107 0.707106     143.750000 -24.489072 4.638806
27.770337    0.000000 -0.891007 0.453990     143.750000 -17.405983 16.759542
117.325922    0.000000 -0.891007 0.453990     137.500000 -19.299844 13.042629
3.506219    -0.000002 -0.891005 0.453993     143.750000 -19.804706 12.051781
5.734451    -0.000000 -0.891006 0.453991     143.750000 -19.953869 11.759034
43.236673    -0.000000 -0.891006 0.453991     143.750000 -20.744355 10.207618
26.436225    -0.000000 -0.891007 0.453990     143.750000 -21.869007 8.000364
10.642017    0.000000 -0.891007 0.453990     143.750000 -22.467519 6.825717
35.891931    0.000000 -0.987688 0.156434     143.750000 -15.199616 28.739554
117.325912    0.000000 -0.987688 0.156434     137.500000 -15.852195 24.619325
35.297019    0.000000 -0.987688 0.156434     143.750000 -16.248155 22.119325
24.522564    -0.000000 -0.987688 0.156435     143.750000 -16.580878 20.018592
21.614398    0.000000 -0.987688 0.156434     143.750000 -16.837497 18.398363
46.136961    -0.000000 -0.987688 -0.156434     143.750000 -16.701103 40.740458
117.325918    -0.000000 -0.987688 -0.156435     137.500000 -16.048523 36.620229
36.031511    -0.000000 -0.987688 -0.156434     143.750000 -15.591493 33.734652
35.157446    0.000000 -0.987688 -0.156435     143.750000 -15.195531 31.234652
10.641988    -0.000000 -0.891006 -0.453992     143.750000 -22.467527 53.174281
117.325906    0.000000 -0.891006 -0.453991     137.500000 -20.573664 49.457369
69.673028    -0.000000 -0.891007 -0.453991     143.750000 -19.277228 46.912971
9.240536    -0.000000 -0.891007 -0.453990     143.750000 -18.003414 44.412971
14.540459    -0.000000 -0.891006 -0.453991     143.750000 -17.619544 43.659584
13.229894    0.000000 -0.891006 -0.453991     143.750000 -17.171278 42.779813
28.144628    -0.000000 -0.707106 -0.707107     144.379817 -24.213103 55.085212
3.153982    0.000000 -0.707106 -0.707107     131.879817 -24.213103 55.085212
31.298610    0.000000 -0.707106 -0.707107     138.129817 -23.426206 54.298317
13.586854    -0.000000 -0.707107 -0.707107     90.213153 -24.213102 55.085212
73.030090    0.000000 -0.707106 -0.707107     104.796486 -23.426206 54.298317
28.144615    0.000000 -0.707106 -0.707107     113.129819 -24.213103 55.085212
31.298610    0.000000 -0.707106 -0.707107     125.000000 -24.213103 55.085212
24.019722    0.000000 -0.707106 -0.707107     48.546483 -24.213103 55.085212
73.030090    0.000000 -0.707106 -0.707107     63.129817 -23.426206 54.298317
28.144628    0.000000 -0.707106 -0.707107     73.546483 -24.213103 55.085212
20.865722    0.000000 -0.707107 -0.707107     83.333333 -24.213102 55.085212
34.452595    0.000000 -0.707106 -0.707107     6.879817 -24.213103 55.085212
73.030090    0.000000 -0.707106 -0.707107     21.463151 -23.426206 54.298317
28.144625    0.000000 -0.707106 -0.707107     33.963151 -24.213103 55.085212
10.432870    0.000000 -0.707106 -0.707107     41.666667 -24.213103 55.085212
10.432870    0.000000 -0.707106 -0.707107     -41.666667 -24.213103 55.085212
73.030090    0.000000 -0.707106 -0.707107     -27.083333 -23.426206 54.298317
34.452595    0.000000 -0.707106 -0.707107     -18.120183 -24.213103 55.085212
28.144625    0.000000 -0.707106 -0.707107     -5.620183 -24.213103 55.085212
20.865722    -0.000000 -0.707107 -0.707107     -83.333333 -24.213102 55.085212
73.030090    0.000000 -0.707106 -0.707107     -68.750000 -23.426206 54.298317
34.452592    0.000000 -0.707106 -0.707107     -57.703517 -24.213103 55.085212
17.711758    0.000000 -0.707106 -0.707107     -47.286850 -24.213103 55.085212
3.154007    0.000000 -0.707106 -0.707107     -130.620178 -24.213103 55.085212
73.030090    0.000000 -0.707106 -0.707107     -116.036845 -23.426206 54.298317
28.144603    0.000000 -0.707106 -0.707107     -109.786845 -24.213103 55.085212
7.278869    0.000001 -0.707107 -0.707107     -88.953514 -24.213102 55.085212
34.452605    -0.000000 -0.707106 -0.707107     -97.286847 -24.213103 55.085212
13.149462    0.000000 -0.707106 -0.707107     -143.750000 -24.669402 55.541510
31.298610    0.000000 -0.707106 -0.707107     -137.500000 -23.882505 54.754614
7.172463    0.000000 -0.707107 -0.707107     -143.750000 -23.371579 54.243689
10.976686    0.000000 -0.707106 -0.707108     -143.750000 -22.915281 53.787392
273.760446    0.000000 -0.891006 -0.453991     -116.666667 -20.745447 49.794510
273.760446    0.000000 -0.891006 -0.453991     -102.083333 -18.851584 46.077598
273.760476    0.000000 -0.987688 -0.156435     -116.666667 -16.305142 38.240458
273.760476    0.000000 -0.987688 -0.156435     -102.083333 -15.652561 34.120229
273.760462    0.000000 -0.987688 0.156434     -116.666667 -15.652560 25.879771
273.760462    0.000000 -0.987688 0.156434     -102.083333 -16.305139 21.759542
273.760485    0.000000 -0.891007 0.453990     -116.666667 -18.851579 13.922400
273.760485    0.000000 -0.891007 0.453990     -102.083333 -20.745440 10.205488
273.760485    0.000000 -0.891007 0.453990     -72.916667 -18.851579 13.922400
273.760485    0.000000 -0.891007 0.453990     -58.333333 -20.745440 10.205488
273.760485    0.000000 -0.891007 0.453990     -29.166667 -18.851579 13.922400
273.760485    0.000000 -0.891007 0.453990     -14.583333 -20.745440 10.205488
273.760485    0.000000 -0.891007 0.453990     14.583333 -18.851579 13.922400
273.760485    0.000000 -0.891007 0.453990     29.166667 -20.745440 10.205488
273.760485    0.000000 -0.891007 0.453990     58.333333 -18.851579 13.922400
273.760485    0.000000 -0.891007 0.453990     72.916667 -20.745440 10.205488
273.760485    0.000000 -0.891007 0.453990     102.083333 -18.851579 13.922400
273.760485    0.000000 -0.891007 0.453990     116.666667 -20.745440 10.205488
273.760462    0.000000 -0.987688 0.156434     102.083333 -15.652560 25.879771
273.760462    0.000000 -0.987688 0.156434     116.666667 -16.305139 21.759542
273.760476    0.000000 -0.987688 -0.156435     102.083333 -16.305142 38.240458
273.760476    0.000000 -0.987688 -0.156435     116.666667 -15.652561 34.120229
273.760446    0.000000 -0.891006 -0.453991     102.083333 -20.745447 49.794510
273.760446    0.000000 -0.891006 -0.453991     116.666667 -18.851584 46.077598
273.760446    0.000000 -0.891006 -0.453991     58.333333 -20.745447 49.794510
273.760446    0.000000 -0.891006 -0.453991     72.916667 -18.851584 46.077598
273.760446    0.000000 -0.891006 -0.453991     14.583333 -20.745447 49.794510
273.760446    0.000000 -0.891006 -0.453991     29.166667 -18.851584 46.077598
273.760446    0.000000 -0.891006 -0.453991     -29.166667 -20.745447 49.794510
273.760446    0.000000 -0.891006 -0.453991     -14.583333 -18.851584 46.077598
273.760446    0.000000 -0.891006 -0.453991     -72.916667 -20.745447 49.794510
273.760446    0.000000 -0.891006 -0.453991     -58.333333 -18.851584 46.077598
273.760476    0.000000 -0.987688 -0.156435     -72.916667 -16.305142 38.240458
273.760476    0.000000 -0.987688 -0.156435     -58.333333 -15.652561 34.120229
273.760462    0.000000 -0.987688 0.156434     -72.916667 -15.652560 25.879771
273.760462    0.000000 -0.987688 0.156434     -58.333333 -16.305139 21.759542
273.760462    0.000000 -0.987688 0.156434     -29.166667 -15.652560 25.879771
273.760462    0.000000 -0.987688 0.156434     -14.583333 -16.305139 21.759542
273.760462    0.000000 -0.987688 0.156434     14.583333 -15.652560 25.879771
273.760462    0.000000 -0.987688 0.156434     29.166667 -16.305139 21.759542
273.760462    0.000000 -0.987688 0.156434     58.333333 -15.652560 25.879771
273.760462    0.000000 -0.987688 0.156434     72.916667 -16.305139 21.759542
273.760476    0.000000 -0.987688 -0.156435     58.333333 -16.305142 38.240458
273.760476    0.000000 -0.987688 -0.156435     72.916667 -15.652561 34.120229
273.760476    0.000000 -0.987688 -0.156435     14.583333 -16.305142 38.240458
273.760476    0.000000 -0.987688 -0.156435     29.166667 -15.652561 34.120229
273.760476    0.000000 -0.987688 -0.156435     -29.166667 -16.305142 38.240458
273.760476    0.000000 -0.987688 -0.156435     -14.583333 -15.652561 34.120229
