2.850911    1.000000 0.000000 0.000000     150.000000 15.316768 25.999999
2.850900    -1.000000 0.000000 0.000000     -150.000000 15.316767 34.000002
438.016588    -0.000000 0.987688 0.156435     -11.666667 16.305157 21.759547
438.016588    0.000000 0.987688 0.156435     11.666667 15.652576 25.879775
438.016532    0.000000 0.987688 -0.156434     -11.666667 15.652575 34.120229
438.016532    0.000000 0.987688 -0.156434     11.666667 16.305154 38.240456
438.016532    0.000000 0.987688 -0.156434     -81.666667 15.652575 34.120229
438.016532    0.000000 0.987688 -0.156434     -58.333333 16.305154 38.240456
438.016588    -0.000000 0.987688 0.156435     -81.666667 16.305157 21.759547
438.016588    0.000000 0.987688 0.156435     -58.333333 15.652576 25.879775
438.016478    -0.000000 0.891007 0.453990     -81.666667 20.745457 10.205500
438.016478    0.000000 0.891007 0.453990     -58.333333 18.851597 13.922410
438.016478    -0.000000 0.891007 0.453990     -11.666667 20.745457 10.205500
438.016478    0.000000 0.891007 0.453990     11.666667 18.851597 13.922410
438.016478    -0.000000 0.891007 0.453990     58.333333 20.745457 10.205500
438.016478    0.000000 0.891007 0.453990     81.666667 18.851597 13.922410
438.016588    -0.000000 0.987688 0.156435     58.333333 16.305157 21.759547
438.016588    0.000000 0.987688 0.156435     81.666667 15.652576 25.879775
438.016532    0.000000 0.987688 -0.156434     58.333333 15.652575 34.120229
438.016532    0.000000 0.987688 -0.156434     81.666667 16.305154 38.240456
438.016573    0.000000 0.891006 -0.453991     58.333333 18.851594 46.077593
438.016573    0.000000 0.891006 -0.453991     81.666667 20.745456 49.794504
438.016573    0.000000 0.891006 -0.453991     -11.666667 18.851594 46.077593
438.016573    0.000000 0.891006 -0.453991     11.666667 20.745456 49.794504
438.016573    0.000000 0.891006 -0.453991     -81.666667 18.851594 46.077593
438.016573    0.000000 0.891006 -0.453991     -58.333333 20.745456 49.794504
65.702691    0.000000 0.707107 -0.707107     -136.879837 24.213106 55.085203
9.413790    0.000001 0.707107 -0.707106     -106.879837 24.213106 55.085204
75.116473    0.000000 0.707107 -0.707107     -121.879837 23.426211 54.298308
139.176115    0.000000 0.891006 -0.453991     -135.000000 21.703248 51.674276
281.582083    0.000000 0.891006 -0.453991     -120.000000 19.809387 47.957366
142.405967    0.000000 0.891006 -0.453991     -135.000000 17.915525 44.240455
112.825352    0.000000 0.987688 -0.156434     -135.000000 16.696255 40.709775
281.582056    0.000000 0.987688 -0.156434     -120.000000 16.043676 36.589548
32.073962    -0.000000 0.987688 -0.156435     -135.000000 15.707866 34.469320
136.682639    0.000000 0.987688 -0.156434     -135.000000 15.316766 32.000003
114.853735    0.000000 0.987688 0.156433     -135.000000 15.266176 28.319416
281.582092    -0.000000 0.987688 0.156435     -120.000000 15.918755 24.199188
21.829178    0.000000 0.987688 0.156435     -135.000000 16.235524 22.199187
144.899255    0.000000 0.987688 0.156435     -135.000000 16.621926 19.759547
51.557370    -0.000000 0.891007 0.453990     -135.000000 17.304501 16.958758
281.582022    -0.000000 0.891007 0.453990     -120.000000 19.198361 13.241848
90.848657    0.000000 0.891006 0.453991     -135.000000 20.156153 11.362074
97.200449    -0.000000 0.891007 0.453990     -135.000000 21.420930 8.879808
41.975545    0.000000 0.891006 0.453991     -135.000000 22.356998 7.042671
34.452631    0.000000 0.707107 0.707107     -143.120158 24.213106 4.914801
75.116505    -0.000000 0.707107 0.707106     -128.120158 23.426211 5.701695
40.663842    -0.000000 0.707107 0.707107     -113.120158 24.213106 4.914801
25.038824    0.000000 0.707107 0.707107     -100.000000 24.213106 4.914800
116.847946    -0.000000 0.707107 0.707106     -76.666667 23.426211 5.701694
34.452649    -0.000000 0.707107 0.707106     -64.786827 24.213106 4.914799
57.356403    -0.000000 0.707107 0.707107     -46.453494 24.213106 4.914800
8.346275    0.000001 0.707107 0.707107     -33.333333 24.213106 4.914800
116.847946    -0.000000 0.707107 0.707106     -10.000000 23.426211 5.701694
34.452647    -0.000000 0.707107 0.707106     -1.453494 24.213106 4.914799
8.346275    -0.000001 0.707107 0.707107     33.333333 24.213106 4.914800
65.702735    0.000000 0.707107 0.707106     18.546506 24.213106 4.914799
26.106345    0.000000 0.707107 0.707107     40.213173 24.213106 4.914800
116.847946    -0.000000 0.707107 0.707106     63.546506 23.426211 5.701694
65.702734    -0.000000 0.707107 0.707106     81.879840 24.213106 4.914799
25.038824    -0.000000 0.707107 0.707107     100.000000 24.213106 4.914800
9.413782    0.000001 0.707107 0.707107     106.879837 24.213106 4.914800
75.116537    -0.000000 0.707107 0.707106     121.879837 23.426211 5.701694
65.702747    0.000000 0.707107 0.707106     136.879837 24.213106 4.914799
139.175994    0.000000 0.891007 0.453990     135.000000 21.703249 8.325727
281.582022    -0.000000 0.891007 0.453990     120.000000 19.809389 12.042637
142.406027    -0.000000 0.891007 0.453990     135.000000 17.915529 15.759547
112.825197    0.000000 0.987688 0.156434     135.000000 16.696259 19.290226
281.582092    -0.000000 0.987688 0.156435     120.000000 16.043679 23.410453
32.074054    0.000000 0.987688 0.156435     135.000000 15.707868 25.530680
136.682738    -0.000000 0.987688 0.156434     135.000000 15.316767 28.000000
114.853888    -0.000000 0.987689 -0.156432     135.000000 15.266174 31.680590
281.582056    0.000000 0.987688 -0.156434     120.000000 15.918751 35.800819
21.828929    -0.000001 0.987687 -0.156442     135.000000 16.235520 37.800818
144.899314    0.000000 0.987688 -0.156434     135.000000 16.621922 40.240455
51.557370    0.000000 0.891007 -0.453990     135.000000 17.304497 43.041245
281.582083    0.000000 0.891006 -0.453991     120.000000 19.198358 46.758156
90.848577    0.000000 0.891007 -0.453990     135.000000 20.156150 48.637928
97.200591    0.000000 0.891006 -0.453991     135.000000 21.420928 51.120195
41.975545    0.000000 0.891006 -0.453991     135.000000 22.356998 52.957333
33.790617    0.000000 0.707107 -0.707106     143.120158 24.228226 55.100321
1.443378    0.000000 0.707091 -0.707122     135.000000 22.654438 53.526534
74.335046    -0.000000 0.707106 -0.707107     128.120158 23.441332 54.313427
40.663876    -0.000000 0.707107 -0.707106     113.120158 24.213106 55.085203
25.038846    0.000000 0.707107 -0.707106     100.000000 24.213106 55.085204
116.847847    0.000000 0.707107 -0.707107     76.666667 23.426211 54.298308
34.452606    0.000000 0.707107 -0.707107     64.786830 24.213106 55.085203
57.356417    0.000000 0.707107 -0.707107     46.453496 24.213106 55.085203
8.346278    -0.000001 0.707107 -0.707107     33.333333 24.213106 55.085204
116.847946    0.000000 0.707107 -0.707106     9.999999 23.426211 54.298310
34.452548    0.000000 0.707105 -0.707108     1.453494 24.213106 55.085204
8.346282    -0.000001 0.707107 -0.707106     -33.333333 24.213106 55.085204
65.702683    0.000000 0.707107 -0.707107     -18.546505 24.213106 55.085203
26.106353    0.000000 0.707107 -0.707106     -40.213170 24.213106 55.085204
116.847847    0.000000 0.707107 -0.707107     -63.546504 23.426211 54.298308
65.702691    0.000000 0.707107 -0.707107     -81.879837 24.213106 55.085203
25.038846    -0.000000 0.707107 -0.707106     -100.000000 24.213106 55.085204
9.096948    -1.000000 0.000000 0.000000     -150.000000 -19.810557 55.120200
0.320478    -1.000000 0.000000 0.000000     -150.000000 -20.107999 55.689402
16.108035    -1.000000 0.000000 0.000000     -150.000000 -19.228233 57.852262
10.566997    -1.000000 0.000000 0.000000     -150.000000 -22.561564 56.476298
10.319713    -1.000000 -0.000000 0.000000     -150.000000 -23.333338 58.624036
9.297868    -1.000000 0.000000 0.000000     -150.000000 -18.874483 49.283059
40.754091    -1.000000 0.000000 0.000000     -150.000000 -17.264122 53.283059
30.000024    -1.000000 -0.000000 0.000000     -150.000000 -10.000003 56.000000
30.000024    -1.000000 0.000000 0.000000     -150.000000 -13.333339 56.000000
60.000012    -1.000000 0.000000 0.000000     -150.000000 -8.333335 52.000000
30.000000    -1.000000 -0.000000 0.000000     -150.000000 0.000000 56.000000
30.000012    -1.000000 0.000000 0.000000     -150.000000 -3.333334 56.000000
60.000000    -1.000000 0.000000 0.000000     -150.000000 1.666667 52.000000
30.000024    -1.000000 -0.000000 0.000000     -150.000000 10.000001 56.000000
30.000000    -1.000000 0.000000 0.000000     -150.000000 6.666667 56.000000
60.000000    -1.000000 0.000000 0.000000     -150.000000 11.666668 52.000000
29.999976    -1.000000 -0.000000 0.000000     -150.000000 20.000001 56.000000
30.000000    -1.000000 0.000000 0.000000     -150.000000 16.666669 56.000000
20.639515    -1.000000 0.000000 -0.000000     -150.000000 21.666667 54.624032
2.511652    -1.000000 0.000000 0.000000     -150.000000 20.879772 52.461170
13.313124    -1.000000 0.000000 0.000000     -150.000000 19.156809 49.837138
8.690214    -1.000000 0.000000 0.000000     -150.000000 -17.609705 46.800794
5.701722    -1.000000 0.000000 0.000000     -150.000000 -15.316764 40.000000
9.066825    -1.000000 0.000000 0.000000     -150.000000 -15.969337 42.120229
4.931815    -1.000000 0.000000 0.000000     -150.000000 -16.651913 44.921023
60.000012    -1.000000 -0.000000 0.000000     -150.000000 -11.666668 44.000000
60.000012    -1.000000 0.000000 0.000000     -150.000000 -8.333334 40.000000
60.000000    -1.000000 -0.000000 0.000000     -150.000000 -1.666667 44.000000
60.000000    -1.000000 0.000000 0.000000     -150.000000 1.666667 40.000000
60.000000    -1.000000 -0.000000 0.000000     -150.000000 8.333333 44.000000
60.000000    -1.000000 0.000000 0.000000     -150.000000 11.666667 40.000000
7.039800    -1.000000 0.000000 0.000000     -150.000000 15.391100 40.469320
7.059889    -1.000000 0.000000 0.000000     -150.000000 16.043678 42.589547
13.622080    -1.000000 0.000000 0.000000     -150.000000 17.262948 46.120228
0.668992    -1.000000 0.000000 0.000000     -150.000000 15.707867 36.469320
0.455294    -1.000000 0.000000 0.000000     -150.000000 -15.582936 35.680592
2.395553    -1.000000 0.000000 0.000000     -150.000000 -15.266174 33.680585
29.999911    -1.000000 0.000000 0.000000     -150.000000 -11.666668 29.999994
30.000101    -1.000000 -0.000000 0.000000     -150.000000 -11.666668 33.999994
60.000012    -1.000000 0.000000 0.000000     -150.000000 -8.333334 28.000000
60.000000    -1.000000 -0.000000 0.000000     -150.000000 -1.666667 32.000000
60.000000    -1.000000 0.000000 0.000000     -150.000000 1.666667 28.000000
60.000000    -1.000000 -0.000000 0.000000     -150.000000 8.333333 32.000000
30.000030    -1.000000 0.000000 0.000000     -150.000000 11.666667 26.000002
29.999970    -1.000000 -0.000000 0.000000     -150.000000 11.666667 30.000002
2.395598    -1.000000 0.000000 0.000000     -150.000000 15.266177 26.319416
0.455310    -1.000000 0.000000 -0.000000     -150.000000 15.582945 24.319414
0.668969    -1.000000 0.000000 0.000000     -150.000000 -15.707856 23.530688
7.039674    -1.000000 0.000000 -0.000000     -150.000000 -15.391095 19.530688
7.059893    -1.000000 0.000000 -0.000000     -150.000000 -16.043668 17.410459
13.622000    -1.000000 0.000000 -0.000000     -150.000000 -17.262936 13.879771
60.000012    -1.000000 -0.000000 0.000000     -150.000000 -11.666668 20.000000
60.000012    -1.000000 0.000000 0.000000     -150.000000 -8.333334 16.000000
60.000000    -1.000000 -0.000000 0.000000     -150.000000 -1.666667 20.000000
60.000000    -1.000000 0.000000 0.000000     -150.000000 1.666667 16.000000
60.000000    -1.000000 -0.000000 0.000000     -150.000000 8.333333 20.000000
60.000000    -1.000000 0.000000 0.000000     -150.000000 11.666667 16.000000
5.701818    -1.000000 0.000000 0.000000     -150.000000 15.316768 20.000000
9.066891    -1.000000 0.000000 -0.000000     -150.000000 15.969347 17.879773
4.931810    -1.000000 0.000000 -0.000000     -150.000000 16.651922 15.078984
8.690288    -1.000000 0.000000 -0.000000     -150.000000 17.609714 13.199211
20.639390    -1.000000 0.000000 0.000000     -150.000000 -21.666669 5.375959
2.511614    -1.000000 0.000000 0.000000     -150.000000 -20.879768 7.538818
13.313081    -1.000000 0.000000 0.000000     -150.000000 -19.156796 10.162858
60.000000    -1.000000 0.000000 0.000000     -150.000000 -18.333335 4.000000
60.000012    -1.000000 -0.000000 0.000000     -150.000000 -11.666668 8.000000
60.000012    -1.000000 0.000000 0.000000     -150.000000 -8.333334 4.000000
60.000000    -1.000000 -0.000000 0.000000     -150.000000 -1.666667 8.000000
60.000000    -1.000000 0.000000 0.000000     -150.000000 1.666667 4.000000
60.000000    -1.000000 -0.000000 0.000000     -150.000000 8.333333 8.000000
60.000000    -1.000000 0.000000 0.000000     -150.000000 11.666667 4.000000
9.297882    -1.000000 -0.000000 -0.000000     -150.000000 18.874491 10.716944
40.754160    -1.000000 0.000000 0.000000     -150.000000 17.264120 6.716944
9.096979    -1.000000 0.000000 -0.000000     -150.000000 19.810559 4.879808
20.639535    -1.000000 0.000000 0.000000     -150.000000 21.666667 1.375969
16.675755    -1.000000 0.000000 -0.000000     -150.000000 20.879772 3.538832
30.000000    1.000000 -0.000000 0.000000     150.000000 -20.000007 56.000000
30.000000    1.000000 0.000000 0.000000     150.000000 -16.666674 56.000000
20.639437    1.000000 0.000000 0.000000     150.000000 -21.666674 54.624039
2.511621    1.000000 0.000000 0.000000     150.000000 -20.879773 52.461179
13.313094    1.000000 0.000000 0.000000     150.000000 -19.156801 49.837140
30.000024    1.000000 -0.000000 0.000000     150.000000 -10.000005 56.000000
30.000024    1.000000 0.000000 0.000000     150.000000 -6.666669 56.000000
60.000012    1.000000 0.000000 -0.000000     150.000000 -11.666671 52.000000
30.000012    1.000000 -0.000000 0.000000     150.000000 -0.000001 56.000000
30.000000    1.000000 0.000000 -0.000000     150.000000 3.333333 56.000000
60.000000    1.000000 0.000000 -0.000000     150.000000 -1.666667 52.000000
30.000000    1.000000 -0.000000 0.000000     150.000000 10.000000 56.000000
30.000024    1.000000 0.000000 -0.000000     150.000000 13.333335 56.000000
60.000000    1.000000 0.000000 0.000000     150.000000 8.333333 52.000000
9.096974    1.000000 0.000000 -0.000000     150.000000 19.810560 55.120195
0.320427    1.000000 0.000000 -0.000000     150.000000 20.108000 55.689396
16.108065    1.000000 0.000000 0.000000     150.000000 19.228229 57.852258
10.567013    1.000000 0.000000 -0.000000     150.000000 22.561561 56.476290
10.319749    1.000000 -0.000000 0.000000     150.000000 23.333335 58.624032
9.297880    1.000000 0.000000 -0.000000     150.000000 18.874489 49.283057
40.754152    1.000000 0.000000 0.000000     150.000000 17.264121 53.283057
7.039698    1.000000 0.000000 -0.000000     150.000000 -15.391096 40.469313
7.059878    1.000000 0.000000 -0.000000     150.000000 -16.043669 42.589542
13.622023    1.000000 -0.000000 0.000000     150.000000 -17.262939 46.120229
0.668974    1.000000 0.000000 0.000000     150.000000 -15.707859 36.469313
60.000012    1.000000 -0.000000 0.000000     150.000000 -8.333334 44.000000
60.000012    1.000000 0.000000 0.000000     150.000000 -11.666668 40.000000
60.000000    1.000000 -0.000000 0.000000     150.000000 1.666667 44.000000
60.000000    1.000000 0.000000 0.000000     150.000000 -1.666667 40.000000
60.000000    1.000000 -0.000000 0.000000     150.000000 11.666667 44.000000
60.000000    1.000000 0.000000 0.000000     150.000000 8.333333 40.000000
8.690270    1.000000 0.000000 -0.000000     150.000000 17.609711 46.800790
5.701806    1.000000 0.000000 0.000000     150.000000 15.316767 40.000000
9.066874    1.000000 0.000000 -0.000000     150.000000 15.969345 42.120228
4.931804    1.000000 0.000000 -0.000000     150.000000 16.651919 44.921018
2.395553    1.000000 0.000000 0.000000     150.000000 -15.266174 26.319413
0.455291    1.000000 0.000000 0.000000     150.000000 -15.582935 24.319407
60.000012    1.000000 -0.000000 0.000000     150.000000 -8.333334 32.000000
30.000101    1.000000 0.000000 0.000000     150.000000 -11.666668 26.000006
29.999911    1.000000 -0.000000 0.000000     150.000000 -11.666668 30.000006
60.000000    1.000000 -0.000000 0.000000     150.000000 1.666667 32.000000
60.000000    1.000000 0.000000 0.000000     150.000000 -1.666667 28.000000
29.999990    1.000000 0.000000 -0.000000     150.000000 11.666667 29.999999
30.000010    1.000000 -0.000000 0.000000     150.000000 11.666667 33.999999
60.000000    1.000000 0.000000 0.000000     150.000000 8.333333 28.000000
0.455303    1.000000 0.000000 -0.000000     150.000000 15.582942 35.680590
2.395576    1.000000 0.000000 0.000000     150.000000 15.266175 33.680590
5.701698    1.000000 0.000000 0.000000     150.000000 -15.316763 20.000000
9.066836    1.000000 0.000000 0.000000     150.000000 -15.969336 17.879771
4.931797    1.000000 0.000000 0.000000     150.000000 -16.651911 15.078976
8.690194    1.000000 0.000000 0.000000     150.000000 -17.609700 13.199205
60.000012    1.000000 -0.000000 0.000000     150.000000 -8.333334 20.000000
60.000012    1.000000 0.000000 0.000000     150.000000 -11.666668 16.000000
60.000000    1.000000 -0.000000 0.000000     150.000000 1.666667 20.000000
60.000000    1.000000 0.000000 0.000000     150.000000 -1.666667 16.000000
60.000000    1.000000 -0.000000 0.000000     150.000000 11.666667 20.000000
60.000000    1.000000 0.000000 0.000000     150.000000 8.333333 16.000000
0.668996    1.000000 0.000000 0.000000     150.000000 15.707869 23.530679
7.039824    1.000000 0.000000 0.000000     150.000000 15.391101 19.530679
7.059893    1.000000 0.000000 0.000000     150.000000 16.043680 17.410452
13.622099    1.000000 0.000000 0.000000     150.000000 17.262950 13.879773
9.297863    1.000000 -0.000000 0.000000     150.000000 -18.874478 10.716939
40.754058    1.000000 0.000000 0.000000     150.000000 -17.264116 6.716939
9.096946    1.000000 0.000000 0.000000     150.000000 -19.810549 4.879798
20.639400    1.000000 0.000000 0.000000     150.000000 -21.666669 1.375960
16.675824    1.000000 0.000000 0.000000     150.000000 -20.879768 3.538818
60.000012    1.000000 -0.000000 0.000000     150.000000 -8.333334 8.000000
60.000012    1.000000 0.000000 0.000000     150.000000 -11.666668 4.000000
60.000000    1.000000 -0.000000 0.000000     150.000000 1.666667 8.000000
60.000000    1.000000 0.000000 0.000000     150.000000 -1.666667 4.000000
60.000000    1.000000 -0.000000 0.000000     150.000000 11.666667 8.000000
60.000000    1.000000 0.000000 0.000000     150.000000 8.333333 4.000000
20.639515    1.000000 0.000000 -0.000000     150.000000 21.666667 5.375968
2.511672    1.000000 0.000000 0.000000     150.000000 20.879772 7.538831
13.313125    1.000000 0.000000 0.000000     150.000000 19.156810 10.162863
60.000000    1.000000 0.000000 0.000000     150.000000 18.333333 4.000000
300.000000    0.000000 0.000000 -1.000000     130.000000 -21.666669 0.000000
300.000000    0.000000 0.000000 -1.000000     110.000000 -18.333335 0.000000
300.000000    0.000000 0.000000 -1.000000     70.000000 -21.666669 0.000000
300.000000    0.000000 0.000000 -1.000000     50.000000 -18.333335 0.000000
300.000000    0.000000 0.000000 -1.000000     10.000000 -21.666669 0.000000
300.000000    0.000000 0.000000 -1.000000     -10.000000 -18.333335 0.000000
300.000000    0.000000 0.000000 -1.000000     -50.000000 -21.666669 0.000000
300.000000    0.000000 0.000000 -1.000000     -70.000000 -18.333335 0.000000
300.000000    0.000000 0.000000 -1.000000     -110.000000 -21.666669 0.000000
300.000000    0.000000 0.000000 -1.000000     -130.000000 -18.333335 0.000000
300.000060    0.000000 0.000000 -1.000000     130.000000 -11.666668 0.000000
300.000060    0.000000 0.000000 -1.000000     110.000000 -8.333334 0.000000
300.000060    0.000000 0.000000 -1.000000     70.000000 -11.666668 0.000000
300.000060    0.000000 0.000000 -1.000000     50.000000 -8.333334 0.000000
300.000060    0.000000 0.000000 -1.000000     10.000000 -11.666668 0.000000
300.000060    0.000000 0.000000 -1.000000     -10.000000 -8.333334 0.000000
300.000060    0.000000 0.000000 -1.000000     -50.000000 -11.666668 0.000000
300.000060    0.000000 0.000000 -1.000000     -70.000000 -8.333334 0.000000
300.000060    0.000000 0.000000 -1.000000     -110.000000 -11.666668 0.000000
300.000060    0.000000 0.000000 -1.000000     -130.000000 -8.333334 0.000000
300.000000    0.000000 0.000000 -1.000000     130.000000 -1.666667 0.000000
300.000000    0.000000 0.000000 -1.000000     110.000000 1.666667 0.000000
300.000000    0.000000 0.000000 -1.000000     70.000000 -1.666667 0.000000
300.000000    0.000000 0.000000 -1.000000     50.000000 1.666667 0.000000
300.000000    0.000000 0.000000 -1.000000     10.000000 -1.666667 0.000000
300.000000    0.000000 0.000000 -1.000000     -10.000000 1.666667 0.000000
300.000000    0.000000 0.000000 -1.000000     -50.000000 -1.666667 0.000000
300.000000    0.000000 0.000000 -1.000000     -70.000000 1.666667 0.000000
300.000000    0.000000 0.000000 -1.000000     -110.000000 -1.666667 0.000000
300.000000    0.000000 0.000000 -1.000000     -130.000000 1.666667 0.000000
300.000000    0.000000 0.000000 -1.000000     130.000000 8.333333 0.000000
300.000000    0.000000 0.000000 -1.000000     110.000000 11.666667 0.000000
300.000000    0.000000 0.000000 -1.000000     70.000000 8.333333 0.000000
300.000000    0.000000 0.000000 -1.000000     50.000000 11.666667 0.000000
300.000000    0.000000 0.000000 -1.000000     10.000000 8.333333 0.000000
300.000000    0.000000 0.000000 -1.000000     -10.000000 11.666667 0.000000
300.000000    0.000000 0.000000 -1.000000     -50.000000 8.333333 0.000000
300.000000    0.000000 0.000000 -1.000000     -70.000000 11.666667 0.000000
300.000000    0.000000 0.000000 -1.000000     -110.000000 8.333333 0.000000
300.000000    0.000000 0.000000 -1.000000     -130.000000 11.666667 0.000000
300.000000    0.000000 0.000000 -1.000000     130.000000 18.333333 0.000000
300.000000    0.000000 0.000000 -1.000000     110.000000 21.666667 0.000000
300.000000    0.000000 0.000000 -1.000000     70.000000 18.333333 0.000000
300.000000    0.000000 0.000000 -1.000000     50.000000 21.666667 0.000000
300.000000    0.000000 0.000000 -1.000000     10.000000 18.333333 0.000000
300.000000    0.000000 0.000000 -1.000000     -10.000000 21.666667 0.000000
300.000000    0.000000 0.000000 -1.000000     -50.000000 18.333333 0.000000
300.000000    0.000000 0.000000 -1.000000     -70.000000 21.666667 0.000000
300.000000    0.000000 0.000000 -1.000000     -110.000000 18.333333 0.000000
300.000000    0.000000 0.000000 -1.000000     -130.000000 21.666667 0.000000
81.238140    0.000000 1.000000 0.000000     136.879837 25.000000 2.751935
123.837090    0.000000 1.000000 0.000000     116.879837 25.000000 1.375968
30.959272    -0.000000 1.000000 0.000000     95.000000 25.000000 2.751937
11.639718    0.000000 1.000000 0.000000     101.879837 25.000000 2.751937
81.238124    0.000000 1.000000 0.000000     76.879840 25.000000 2.751935
123.837090    0.000000 1.000000 0.000000     56.879840 25.000000 1.375968
10.319757    -0.000000 1.000000 0.000000     31.666667 25.000000 2.751937
32.279250    0.000000 1.000000 0.000000     38.546506 25.000000 2.751937
81.238126    0.000000 1.000000 0.000000     16.879839 25.000000 2.751935
123.837090    0.000000 1.000000 0.000000     -3.120161 25.000000 1.375968
42.598964    -0.000000 1.000000 0.000000     -23.120161 25.000000 2.751935
123.837090    0.000000 1.000000 0.000000     -63.120160 25.000000 1.375968
10.319757    0.000000 1.000000 0.000000     -31.666667 25.000000 2.751937
70.918445    -0.000000 1.000000 0.000000     -44.786827 25.000000 2.751937
42.598966    -0.000000 1.000000 0.000000     -83.120160 25.000000 2.751935
123.837150    0.000000 1.000000 0.000000     -123.120158 25.000000 1.375968
50.278901    -0.000000 1.000000 0.000000     -108.120158 25.000000 2.751937
30.959273    0.000000 1.000000 0.000000     -95.000000 25.000000 2.751937
42.599022    0.000000 1.000000 0.000000     -143.120158 25.000000 2.751937
42.598981    0.000000 1.000000 -0.000000     143.120158 25.000000 57.248063
123.837210    0.000000 1.000000 0.000000     123.120158 25.000000 58.624031
50.278728    0.000000 1.000000 0.000000     108.120158 25.000000 57.248065
30.959273    0.000000 1.000000 0.000000     95.000000 25.000000 57.248066
42.598950    0.000000 1.000000 -0.000000     83.120163 25.000000 57.248065
123.837098    0.000000 1.000000 0.000000     63.120162 25.000000 58.624032
10.319752    -0.000000 1.000000 -0.000000     31.666665 25.000000 57.248066
70.918383    0.000000 1.000000 -0.000000     44.786828 25.000000 57.248065
42.598915    0.000000 1.000000 0.000000     23.120159 25.000000 57.248066
81.238130    0.000000 1.000000 0.000000     -16.879839 25.000000 57.248065
123.837082    0.000000 1.000000 -0.000000     3.120160 25.000000 58.624032
32.279151    0.000000 1.000000 0.000000     -38.546504 25.000000 57.248066
10.319758    -0.000000 1.000000 0.000000     -31.666667 25.000000 57.248066
81.238140    0.000000 1.000000 0.000000     -76.879837 25.000000 57.248065
123.837090    0.000000 1.000000 -0.000000     -56.879837 25.000000 58.624032
30.959273    0.000000 1.000000 -0.000000     -95.000000 25.000000 57.248066
11.639636    0.000000 1.000000 0.000000     -101.879837 25.000000 57.248066
81.238140    0.000000 1.000000 0.000000     -136.879837 25.000000 57.248065
123.837090    0.000000 1.000000 -0.000000     -116.879837 25.000000 58.624032
81.237923    -0.000000 -1.000000 0.000000     136.879812 -25.000007 57.248075
123.836791    -0.000000 -1.000000 -0.000001     116.879807 -25.000005 58.624036
11.639489    0.000000 -1.000000 0.000000     101.879807 -25.000002 57.248072
30.959207    0.000000 -1.000000 0.000000     94.999992 -25.000002 57.248072
81.238056    0.000000 -1.000000 0.000000     76.879805 -25.000002 57.248072
123.836752    0.000000 -1.000000 0.000000     56.879804 -25.000002 58.624036
32.278916    0.000000 -1.000000 0.000000     38.546476 -25.000002 57.248073
10.319747    -0.000000 -1.000000 0.000000     31.666660 -25.000002 57.248073
81.238048    0.000000 -1.000000 0.000000     16.879808 -25.000002 57.248072
123.836760    0.000000 -1.000000 0.000000     -3.120193 -25.000002 58.624036
42.598712    0.000000 -1.000000 0.000000     -23.120192 -25.000002 57.248072
123.836768    0.000000 -1.000000 0.000000     -63.120197 -25.000002 58.624036
10.319713    0.000000 -1.000000 0.000000     -31.666673 -25.000002 57.248072
70.918351    0.000000 -1.000000 0.000000     -44.786859 -25.000002 57.248072
42.598613    0.000000 -1.000000 0.000000     -83.120196 -25.000002 57.248075
123.836609    0.000000 -1.000000 0.000000     -123.120193 -25.000002 58.624037
50.278921    0.000000 -1.000000 0.000000     -108.120193 -25.000002 57.248073
30.959113    0.000000 -1.000000 0.000000     -95.000008 -25.000002 57.248075
42.598679    0.000000 -1.000000 0.000000     -143.120188 -25.000002 57.248073
42.598491    -0.000000 -1.000000 -0.000000     143.120199 -25.000002 2.751920
123.836400    0.000000 -1.000000 0.000000     123.120199 -25.000002 1.375960
50.278730    0.000000 -1.000000 0.000000     108.120199 -25.000002 2.751919
30.959085    -0.000000 -1.000000 0.000000     95.000000 -25.000002 2.751918
42.598440    -0.000000 -1.000000 -0.000000     83.120204 -25.000002 2.751919
123.836340    0.000000 -1.000000 0.000000     63.120204 -25.000002 1.375959
10.319700    0.000000 -1.000000 0.000000     31.666667 -25.000002 2.751919
70.918166    0.000000 -1.000000 0.000000     44.786870 -25.000002 2.751918
42.598465    0.000000 -1.000000 -0.000000     23.120203 -25.000002 2.751919
81.237935    0.000000 -1.000000 0.000000     -16.879797 -25.000002 2.751919
123.836340    0.000000 -1.000000 -0.000000     3.120203 -25.000002 1.375959
10.319700    0.000000 -1.000000 -0.000000     -31.666667 -25.000002 2.751919
32.278733    0.000000 -1.000000 0.000000     -38.546464 -25.000002 2.751918
81.237892    0.000000 -1.000000 0.000000     -76.879798 -25.000002 2.751919
123.836340    0.000000 -1.000000 -0.000000     -56.879798 -25.000002 1.375959
30.959085    0.000000 -1.000000 -0.000000     -95.000000 -25.000002 2.751918
11.639334    0.000000 -1.000000 0.000000     -101.879796 -25.000002 2.751918
81.237900    0.000000 -1.000000 0.000000     -136.879796 -25.000002 2.751919
123.836340    0.000000 -1.000000 -0.000000     -116.879796 -25.000002 1.375959
19.313565    1.000000 0.000000 0.000000     150.000000 19.592142 62.575142
44.298779    1.000000 0.000000 0.000000     150.000000 19.667282 67.473353
36.736612    1.000000 0.000000 0.000000     150.000000 15.075143 64.898211
68.913844    1.000000 0.000000 0.000000     150.000000 14.973353 71.640020
50.563565    1.000000 0.000000 0.000000     150.000000 9.898211 66.741809
87.690348    1.000000 0.000000 0.000000     150.000000 9.140020 74.667280
59.441033    1.000000 0.000000 0.000000     150.000000 4.241809 67.925471
96.567825    1.000000 0.000000 0.000000     150.000000 2.575142 76.258804
62.500025    1.000000 0.000000 0.000000     150.000000 -1.666667 68.333333
93.508944    1.000000 -0.000000 0.000000     150.000000 -4.241811 76.258809
59.441118    1.000000 0.000000 0.000000     150.000000 -7.575146 67.925476
78.812953    1.000000 -0.000000 0.000000     150.000000 -10.806692 74.667290
68.913932    1.000000 -0.000000 0.000000     150.000000 -14.973360 71.640027
36.736632    1.000000 0.000000 -0.000000     150.000000 -15.075150 64.898214
44.298806    1.000000 -0.000000 0.000000     150.000000 -19.667290 67.473358
19.313582    1.000000 0.000000 -0.000000     150.000000 -19.592149 62.575144
19.313550    1.000000 0.000000 0.000000     150.000000 22.925474 62.575142
19.313582    1.000000 0.000000 0.000000     150.000000 -22.925482 62.575144
19.313582    -1.000000 0.000000 0.000000     -150.000000 -19.592149 62.575144
44.298806    -1.000000 0.000000 -0.000000     -150.000000 -19.667290 67.473358
36.736632    -1.000000 0.000000 0.000000     -150.000000 -15.075150 64.898214
68.913932    -1.000000 0.000000 -0.000000     -150.000000 -14.973360 71.640027
50.563643    -1.000000 0.000000 0.000000     -150.000000 -9.898216 66.741814
87.690428    -1.000000 0.000000 -0.000000     -150.000000 -9.140024 74.667290
59.441094    -1.000000 0.000000 0.000000     -150.000000 -4.241811 67.925476
96.567875    -1.000000 0.000000 -0.000000     -150.000000 -2.575143 76.258809
62.500000    -1.000000 0.000000 0.000000     -150.000000 1.666667 68.333333
93.508858    -1.000000 -0.000000 0.000000     -150.000000 4.241809 76.258804
59.441033    -1.000000 0.000000 0.000000     -150.000000 7.575142 67.925471
78.812881    -1.000000 -0.000000 0.000000     -150.000000 10.806686 74.667280
68.913844    -1.000000 -0.000000 0.000000     -150.000000 14.973353 71.640020
36.736612    -1.000000 0.000000 0.000000     -150.000000 15.075143 64.898211
44.298779    -1.000000 -0.000000 0.000000     -150.000000 19.667282 67.473353
19.313565    -1.000000 0.000000 0.000000     -150.000000 19.592142 62.575142
19.313552    -1.000000 0.000000 0.000000     -150.000000 -22.925479 62.575144
19.313550    -1.000000 0.000000 0.000000     -150.000000 22.925474 62.575142
234.651887    0.000000 -0.987689 0.156433     -130.000000 -24.184285 65.150289
234.651828    0.000000 -0.987689 0.156433     -110.000005 -24.592143 62.575144
234.651779    0.000000 -0.891006 0.453991     -110.000000 -21.409099 72.371572
234.651779    0.000000 -0.891006 0.453991     -130.000000 -22.592762 70.048502
234.651886    0.000000 -0.707107 0.707107     -110.000000 -16.538238 78.381841
234.651886    0.000000 -0.707107 0.707107     -130.000000 -18.381836 76.538241
234.651752    0.000000 -0.453990 0.891007     -110.000000 -10.048500 82.592766
234.651752    0.000000 -0.453990 0.891007     -130.000000 -12.371569 81.409103
234.651779    0.000000 -0.156432 0.987689     -110.000000 -2.575143 84.592143
234.651779    0.000000 -0.156432 0.987689     -130.000000 -5.150287 84.184285
234.651731    -0.000000 0.156434 0.987688     -110.000000 5.150284 84.184275
234.651731    -0.000000 0.156434 0.987688     -130.000000 2.575142 84.592138
234.651698    -0.000000 0.453990 0.891007     -110.000000 12.371564 81.409088
234.651698    -0.000000 0.453990 0.891007     -130.000000 10.048495 82.592751
234.651674    -0.000000 0.707107 0.707107     -110.000000 18.381828 76.538231
234.651674    -0.000000 0.707107 0.707107     -130.000000 16.538231 78.381828
234.651753    -0.000000 0.891006 0.453991     -110.000000 22.592753 70.048495
234.651753    -0.000000 0.891006 0.453991     -130.000000 21.409090 72.371564
234.651712    0.000000 0.987688 0.156434     -110.000000 24.592139 62.575142
234.651712    -0.000000 0.987688 0.156434     -130.000000 24.184278 65.150284
234.651712    0.000000 0.987688 0.156434     130.000000 24.184278 65.150284
234.651712    0.000000 0.987688 0.156434     110.000000 24.592139 62.575142
234.651753    0.000000 0.891006 0.453991     110.000000 21.409090 72.371564
234.651753    0.000000 0.891006 0.453991     130.000000 22.592753 70.048495
234.651674    0.000000 0.707107 0.707107     110.000000 16.538231 78.381828
234.651674    0.000000 0.707107 0.707107     130.000000 18.381828 76.538231
234.651698    0.000000 0.453990 0.891007     110.000000 10.048495 82.592751
234.651698    0.000000 0.453990 0.891007     130.000000 12.371564 81.409088
234.651731    0.000000 0.156434 0.987688     110.000000 2.575142 84.592138
234.651731    0.000000 0.156434 0.987688     130.000000 5.150284 84.184275
234.651779    0.000000 -0.156432 0.987689     110.000000 -5.150287 84.184285
234.651779    0.000000 -0.156432 0.987689     130.000000 -2.575143 84.592143
234.651752    0.000000 -0.453990 0.891007     110.000000 -12.371569 81.409103
234.651752    0.000000 -0.453990 0.891007     130.000000 -10.048500 82.592766
234.651886    0.000000 -0.707107 0.707107     110.000000 -18.381836 76.538241
234.651886    0.000000 -0.707107 0.707107     130.000000 -16.538238 78.381841
234.651779    0.000000 -0.891006 0.453991     110.000000 -22.592762 70.048502
234.651779    0.000000 -0.891006 0.453991     130.000000 -21.409099 72.371572
234.651945    -0.000000 -0.987689 0.156433     109.999995 -24.592146 62.575144
234.651924    0.000000 -0.987688 0.156434     130.000000 -24.184287 65.150289
234.651871    0.000000 -0.987689 0.156433     69.999991 -24.592143 62.575144
234.651887    0.000000 -0.987689 0.156433     49.999996 -24.184285 65.150289
234.651887    0.000000 -0.987689 0.156433     9.999993 -24.592143 62.575144
234.651887    0.000000 -0.987689 0.156433     -10.000004 -24.184285 65.150289
234.651902    0.000000 -0.987689 0.156433     -50.000009 -24.592143 62.575144
234.651887    0.000000 -0.987689 0.156433     -70.000005 -24.184285 65.150289
234.651779    0.000000 -0.891006 0.453991     -50.000000 -22.592762 70.048502
234.651779    0.000000 -0.891006 0.453991     -70.000000 -21.409099 72.371572
234.651886    0.000000 -0.707107 0.707107     -50.000000 -18.381836 76.538241
234.651886    0.000000 -0.707107 0.707107     -70.000000 -16.538238 78.381841
234.651752    0.000000 -0.453990 0.891007     -50.000000 -12.371569 81.409103
234.651752    0.000000 -0.453990 0.891007     -70.000000 -10.048500 82.592766
234.651779    0.000000 -0.156432 0.987689     -50.000000 -5.150287 84.184285
234.651779    0.000000 -0.156432 0.987689     -70.000000 -2.575143 84.592143
234.651731    0.000000 0.156434 0.987688     -50.000000 2.575142 84.592138
234.651731    -0.000000 0.156434 0.987688     -70.000000 5.150284 84.184275
234.651698    0.000000 0.453990 0.891007     -50.000000 10.048495 82.592751
234.651698    -0.000000 0.453990 0.891007     -70.000000 12.371564 81.409088
234.651674    0.000000 0.707107 0.707107     -50.000000 16.538231 78.381828
234.651674    -0.000000 0.707107 0.707107     -70.000000 18.381828 76.538231
234.651753    0.000000 0.891006 0.453991     -50.000000 21.409090 72.371564
234.651753    -0.000000 0.891006 0.453991     -70.000000 22.592753 70.048495
234.651712    0.000000 0.987688 0.156434     -50.000000 24.184278 65.150284
234.651712    0.000000 0.987688 0.156434     -70.000000 24.592139 62.575142
234.651712    0.000000 0.987688 0.156434     9.999999 24.184278 65.150284
234.651697    0.000000 0.987688 0.156434     -10.000001 24.592139 62.575142
234.651712    0.000000 0.987688 0.156434     70.000000 24.184278 65.150284
234.651728    0.000000 0.987688 0.156434     49.999999 24.592139 62.575142
234.651753    0.000000 0.891006 0.453991     70.000000 21.409090 72.371564
234.651753    -0.000000 0.891006 0.453991     50.000000 22.592753 70.048495
234.651674    0.000000 0.707107 0.707107     70.000000 16.538231 78.381828
234.651674    -0.000000 0.707107 0.707107     50.000000 18.381828 76.538231
234.651698    0.000000 0.453990 0.891007     70.000000 10.048495 82.592751
234.651698    -0.000000 0.453990 0.891007     50.000000 12.371564 81.409088
234.651731    0.000000 0.156434 0.987688     70.000000 2.575142 84.592138
234.651731    -0.000000 0.156434 0.987688     50.000000 5.150284 84.184275
234.651779    0.000000 -0.156432 0.987689     70.000000 -5.150287 84.184285
234.651779    0.000000 -0.156432 0.987689     50.000000 -2.575143 84.592143
234.651752    0.000000 -0.453990 0.891007     70.000000 -12.371569 81.409103
234.651752    0.000000 -0.453990 0.891007     50.000000 -10.048500 82.592766
234.651886    0.000000 -0.707107 0.707107     70.000000 -18.381836 76.538241
234.651886    0.000000 -0.707107 0.707107     50.000000 -16.538238 78.381841
234.651779    0.000000 -0.891006 0.453991     70.000000 -22.592762 70.048502
234.651779    0.000000 -0.891006 0.453991     50.000000 -21.409099 72.371572
234.651779    0.000000 -0.891006 0.453991     10.000000 -22.592762 70.048502
234.651779    0.000000 -0.891006 0.453991     -10.000000 -21.409099 72.371572
234.651886    0.000000 -0.707107 0.707107     10.000000 -18.381836 76.538241
234.651886    0.000000 -0.707107 0.707107     -10.000000 -16.538238 78.381841
234.651752    0.000000 -0.453990 0.891007     10.000000 -12.371569 81.409103
234.651752    0.000000 -0.453990 0.891007     -10.000000 -10.048500 82.592766
234.651779    0.000000 -0.156432 0.987689     10.000000 -5.150287 84.184285
234.651779    0.000000 -0.156432 0.987689     -10.000000 -2.575143 84.592143
234.651731    0.000000 0.156434 0.987688     10.000000 2.575142 84.592138
234.651731    -0.000000 0.156434 0.987688     -10.000000 5.150284 84.184275
234.651698    0.000000 0.453990 0.891007     10.000000 10.048495 82.592751
234.651698    -0.000000 0.453990 0.891007     -10.000000 12.371564 81.409088
234.651674    0.000000 0.707107 0.707107     10.000000 16.538231 78.381828
234.651674    -0.000000 0.707107 0.707107     -10.000000 18.381828 76.538231
234.651753    0.000000 0.891006 0.453991     10.000000 21.409090 72.371564
234.651753    -0.000000 0.891006 0.453991     -10.000000 22.592753 70.048495
114.854319    0.000001 -0.987689 -0.156429     -135.000000 -15.266166 31.680585
281.582203    -0.000000 -0.987688 -0.156435     -120.000000 -15.918739 35.800821
21.828826    0.000001 -0.987688 -0.156439     -135.000000 -16.235509 37.800821
144.899400    -0.000000 -0.987688 -0.156434     -135.000000 -16.621910 40.240458
112.825974    0.000000 -0.987688 0.156435     -135.000000 -16.696240 19.290230
281.582203    -0.000000 -0.987688 0.156435     -120.000000 -16.043660 23.410459
32.073440    -0.000000 -0.987688 0.156435     -135.000000 -15.707848 25.530688
136.682287    0.000000 -0.987689 0.156431     -135.000000 -15.316755 27.999994
139.176387    0.000000 -0.891006 0.453991     -135.000000 -21.703228 8.325717
281.582172    -0.000000 -0.891007 0.453990     -120.000000 -19.809369 12.042629
142.405785    0.000000 -0.891007 0.453990     -135.000000 -17.915509 15.759542
65.703368    0.000000 -0.707106 0.707108     -136.879796 -24.213101 4.914777
9.413650    0.000000 -0.707106 0.707107     -106.879796 -24.213101 4.914776
75.117014    0.000000 -0.707106 0.707108     -121.879796 -23.426200 5.701676
26.106333    0.000000 -0.707106 0.707107     -40.213131 -24.213101 4.914776
116.848688    0.000000 -0.707106 0.707108     -63.546464 -23.426200 5.701676
65.703362    0.000000 -0.707106 0.707108     -81.879798 -24.213101 4.914777
25.039015    -0.000000 -0.707106 0.707107     -100.000000 -24.213101 4.914776
8.346338    0.000001 -0.707106 0.707107     33.333333 -24.213101 4.914777
116.848639    0.000000 -0.707106 0.707108     10.000000 -23.426200 5.701677
34.452685    -0.000000 -0.707107 0.707107     1.453536 -24.213101 4.914778
8.346338    -0.000001 -0.707106 0.707107     -33.333333 -24.213101 4.914777
65.703333    0.000000 -0.707106 0.707108     -18.546464 -24.213101 4.914778
25.039015    0.000000 -0.707106 0.707107     100.000000 -24.213101 4.914776
116.848688    0.000000 -0.707106 0.707108     76.666667 -23.426200 5.701676
34.452651    0.000000 -0.707106 0.707108     64.786870 -24.213101 4.914777
57.357058    -0.000000 -0.707106 0.707107     46.453537 -24.213101 4.914776
75.116982    0.000000 -0.707106 0.707108     135.000000 -23.426200 5.701677
34.452661    0.000000 -0.707106 0.707108     128.120199 -24.213101 4.914778
40.664356    -0.000000 -0.707106 0.707107     113.120199 -24.213101 4.914777
51.557571    0.000000 -0.891008 0.453989     135.000000 -17.304484 16.958747
281.582172    0.000000 -0.891007 0.453990     120.000000 -19.198343 13.241835
90.848214    0.000000 -0.891007 0.453990     135.000000 -20.156132 11.362064
97.200872    -0.000000 -0.891006 0.453991     135.000000 -21.420910 8.879798
41.975515    0.000000 -0.891007 0.453990     135.000000 -22.356981 7.042656
114.854408    -0.000001 -0.987689 0.156429     135.000000 -15.266166 28.319413
281.582203    0.000000 -0.987688 0.156435     120.000000 -15.918739 24.199178
21.828723    -0.000000 -0.987688 0.156435     135.000000 -16.235507 22.199178
144.899414    0.000000 -0.987688 0.156435     135.000000 -16.621908 19.759542
112.825871    -0.000000 -0.987688 -0.156434     135.000000 -16.696242 40.709771
281.582203    -0.000000 -0.987688 -0.156435     120.000000 -16.043661 36.589542
32.073529    -0.000000 -0.987688 -0.156435     135.000000 -15.707851 34.469313
136.682301    -0.000000 -0.987689 -0.156432     135.000000 -15.316757 32.000006
139.176307    -0.000000 -0.891006 -0.453991     135.000000 -21.703236 51.674281
281.582173    0.000000 -0.891006 -0.453991     120.000000 -19.809374 47.957369
142.405867    0.000000 -0.891006 -0.453991     135.000000 -17.915512 44.240458
65.703264    0.000000 -0.707106 -0.707108     136.879812 -24.213106 55.085215
9.413687    0.000000 -0.707106 -0.707108     106.879812 -24.213104 55.085212
75.116728    0.000000 -0.707106 -0.707108     121.879812 -23.426205 54.298317
26.106322    -0.000000 -0.707106 -0.707107     40.213146 -24.213104 55.085214
116.848243    0.000000 -0.707106 -0.707108     63.546480 -23.426205 54.298317
65.703021    0.000000 -0.707106 -0.707108     81.879810 -24.213104 55.085212
25.038923    0.000000 -0.707106 -0.707108     99.999997 -24.213104 55.085212
8.346290    0.000000 -0.707106 -0.707108     -33.333336 -24.213104 55.085212
116.848243    0.000000 -0.707106 -0.707108     -10.000003 -23.426205 54.298317
34.452623    0.000000 -0.707106 -0.707108     -1.453522 -24.213104 55.085212
8.346323    0.000001 -0.707106 -0.707107     33.333331 -24.213104 55.085214
65.703014    -0.000000 -0.707106 -0.707108     18.546478 -24.213104 55.085212
25.038896    0.000000 -0.707106 -0.707108     -100.000003 -24.213104 55.085215
116.848441    0.000000 -0.707107 -0.707107     -76.666669 -23.426205 54.298319
34.452512    -0.000000 -0.707104 -0.707110     -64.786858 -24.213104 55.085215
57.356738    0.000000 -0.707106 -0.707108     -46.453522 -24.213104 55.085212
33.790475    0.000000 -0.707107 -0.707107     -143.120188 -24.228228 55.100335
1.443617    0.000000 -0.707052 -0.707161     -135.000000 -22.654431 53.526543
74.335295    0.000000 -0.707107 -0.707107     -128.120188 -23.441329 54.313440
40.664132    -0.000000 -0.707106 -0.707108     -113.120188 -24.213104 55.085214
51.557602    0.000000 -0.891006 -0.453991     -135.000000 -17.304486 43.041252
281.582173    0.000000 -0.891006 -0.453991     -120.000000 -19.198348 46.758163
90.848265    -0.000000 -0.891007 -0.453990     -135.000000 -20.156140 48.637934
97.200792    0.000000 -0.891006 -0.453991     -135.000000 -21.420918 51.120200
41.975515    0.000000 -0.891007 -0.453990     -135.000000 -22.356989 52.957340
438.016761    0.000000 -0.987688 -0.156435     -81.666667 -16.305140 38.240458
438.016761    0.000000 -0.987688 -0.156435     -58.333333 -15.652559 34.120229
438.016761    0.000000 -0.987688 0.156435     -81.666667 -15.652559 25.879771
438.016761    0.000000 -0.987688 0.156435     -58.333333 -16.305140 21.759542
438.016712    0.000000 -0.891007 0.453990     -81.666667 -18.851580 13.922400
438.016712    0.000000 -0.891007 0.453990     -58.333333 -20.745439 10.205488
438.016712    0.000000 -0.891007 0.453990     -11.666667 -18.851580 13.922400
438.016712    0.000000 -0.891007 0.453990     11.666667 -20.745439 10.205488
438.016712    0.000000 -0.891007 0.453990     58.333333 -18.851580 13.922400
438.016712    0.000000 -0.891007 0.453990     81.666667 -20.745439 10.205488
438.016761    0.000000 -0.987688 0.156435     58.333333 -15.652559 25.879771
438.016761    0.000000 -0.987688 0.156435     81.666667 -16.305140 21.759542
438.016761    0.000000 -0.987688 -0.156435     58.333333 -16.305140 38.240458
438.016761    0.000000 -0.987688 -0.156435     81.666667 -15.652559 34.120229
438.016714    0.000000 -0.891006 -0.453991     58.333333 -20.745445 49.794510
438.016714    0.000000 -0.891006 -0.453991     81.666667 -18.851582 46.077598
438.016714    0.000000 -0.891006 -0.453991     -11.666667 -20.745445 49.794510
438.016714    0.000000 -0.891006 -0.453991     11.666667 -18.851582 46.077598
438.016714    0.000000 -0.891006 -0.453991     -81.666667 -20.745445 49.794510
438.016714    0.000000 -0.891006 -0.453991     -58.333333 -18.851582 46.077598
438.016761    0.000000 -0.987688 -0.156435     -11.666667 -16.305140 38.240458
438.016761    0.000000 -0.987688 -0.156435     11.666667 -15.652559 34.120229
438.016761    0.000000 -0.987688 0.156435     -11.666667 -15.652559 25.879771
438.016761    0.000000 -0.987688 0.156435     11.666667 -16.305140 21.759542
2.850852    1.000000 0.000000 -0.000000     150.000000 -15.316764 34.000006
2.850840    -1.000000 0.000000 -0.000000     -150.000000 -15.316763 25.999994
