12.434495    0.000000 0.000000 -1.000000     12.606857 4.092739 0.000000
24.869000    -0.000000 0.000000 -1.000000     15.220293 6.475463 0.000000
12.434502    0.000000 0.000000 -1.000000     11.192967 7.099356 0.000000
24.868998    -0.000000 0.000000 -1.000000     13.131737 10.057158 0.000000
12.434497    0.000000 0.000000 -1.000000     9.075781 9.659895 0.000000
24.869002    0.000000 -0.000000 -1.000000     10.218065 13.006924 0.000000
12.434501    -0.000000 0.000000 -1.000000     6.388330 11.613467 0.000000
24.868999    -0.000000 0.000000 -1.000000     6.662355 15.139418 0.000000
12.434497    -0.000000 0.000000 -1.000000     3.299477 12.837322 0.000000
24.868997    -0.000000 0.000000 -1.000000     2.688024 16.320646 0.000000
12.434500    0.000000 0.000000 -1.000000     0.003305 13.254560 0.000000
24.868999    0.000000 0.000000 -1.000000     -1.455205 16.476387 0.000000
12.434503    0.000000 -0.000000 -1.000000     -3.293074 12.838966 0.000000
24.868995    0.000000 0.000000 -1.000000     -5.506998 15.596856 0.000000
12.434497    0.000000 -0.000000 -1.000000     -6.382537 11.616652 0.000000
24.869000    0.000000 -0.000000 -1.000000     -9.212766 13.737318 0.000000
12.434501    -0.000000 0.000000 -1.000000     -9.070962 9.664421 0.000000
24.868999    0.000000 -0.000000 -1.000000     -12.339663 11.014614 0.000000
12.434500    -0.000000 0.000000 -1.000000     -11.189425 7.104939 0.000000
24.869000    0.000000 -0.000000 -1.000000     -14.691212 7.599820 0.000000
12.434499    -0.000000 0.000000 -1.000000     -12.604815 4.099027 0.000000
24.869000    0.000000 -0.000000 -1.000000     -16.119659 3.707501 0.000000
12.434499    -0.000000 0.000000 -1.000000     -13.228198 0.835559 0.000000
24.869003    0.000000 -0.000000 -1.000000     -16.535248 -0.417773 0.000000
12.434501    0.000000 -0.000000 -1.000000     -13.020405 -2.480411 0.000000
24.868995    0.000000 0.000000 -1.000000     -15.911867 -4.516797 0.000000
12.434495    0.000000 -0.000000 -1.000000     -11.994492 -5.640527 0.000000
24.869000    0.000000 0.000000 -1.000000     -14.288685 -8.332014 0.000000
12.434504    0.000000 -0.000000 -1.000000     -10.214920 -8.446229 0.000000
24.868996    0.000000 0.000000 -1.000000     -11.767691 -11.623699 0.000000
12.434495    0.000000 -0.000000 -1.000000     -7.793507 -10.721222 0.000000
24.868997    0.000000 0.000000 -1.000000     -8.507290 -14.185024 0.000000
12.434498    0.000000 -0.000000 -1.000000     -4.882400 -12.322561 0.000000
24.868995    0.000000 0.000000 -1.000000     -4.712345 -15.855053 0.000000
12.434499    0.000000 -0.000000 -1.000000     -1.664514 -13.149629 0.000000
24.868990    0.000000 0.000000 -1.000000     -0.621306 -16.528850 0.000000
12.434495    0.000000 0.000000 -1.000000     1.657960 -13.150456 0.000000
24.868996    0.000000 0.000000 -1.000000     3.508771 -16.164078 0.000000
12.434495    0.000000 0.000000 -1.000000     4.876258 -12.324993 0.000000
24.868990    0.000000 0.000000 -1.000000     7.418380 -14.783657 0.000000
12.434497    0.000000 0.000000 -1.000000     7.788162 -10.725104 0.000000
24.868988    0.000000 0.000000 -1.000000     10.861864 -12.474325 0.000000
12.434494    0.000000 0.000000 -1.000000     10.210708 -8.451318 0.000000
24.868995    0.000000 0.000000 -1.000000     13.622857 -9.381185 0.000000
12.434499    0.000000 0.000000 -1.000000     11.991677 -5.646504 0.000000
24.868998    0.000000 0.000000 -1.000000     15.527876 -5.698591 0.000000
12.434495    0.000000 0.000000 -1.000000     13.019165 -2.486899 0.000000
24.868990    0.000000 0.000000 -1.000000     16.457221 -1.657933 0.000000
12.434475    0.000000 0.000000 -1.000000     13.228611 0.828965 0.000000
24.868945    0.000000 0.000000 -1.000000     16.352501 2.486895 0.000000
24.869002    0.000000 0.000000 -1.000000     21.985104 7.356513 0.000000
37.303497    0.000000 0.000000 -1.000000     24.290951 10.516117 0.000000
24.869000    0.000000 0.000000 -1.000000     19.464910 12.592868 0.000000
37.303503    0.000000 -0.000000 -1.000000     20.912554 16.226648 0.000000
24.869001    0.000000 -0.000000 -1.000000     15.721664 17.037967 0.000000
37.303495    -0.000000 0.000000 -1.000000     16.220142 20.917599 -0.000000
24.868995    0.000000 0.000000 -1.000000     10.990568 20.412508 -0.000000
37.303487    -0.000000 0.000000 -1.000000     10.508561 24.294221 -0.000000
24.868991    0.000000 0.000000 -1.000000     5.568895 22.504455 -0.000000
37.303493    -0.000000 0.000000 -1.000000     4.136688 26.144346 -0.000000
24.868997    -0.000000 0.000000 -1.000000     -0.202693 23.182364 -0.000000
37.303495    0.000000 0.000000 -1.000000     -2.495109 26.351726 -0.000000
24.868992    -0.000000 0.000000 -1.000000     -5.961544 22.403640 -0.000000
37.303504    0.000000 0.000000 -1.000000     -8.970128 24.903330 -0.000000
24.869006    -0.000000 0.000000 -1.000000     -11.345811 20.217213 0.000000
37.303500    0.000000 -0.000000 -1.000000     -14.881523 21.890167 0.000000
24.868998    0.000000 -0.000000 -1.000000     -16.017178 16.760464 0.000000
37.303488    0.000000 -0.000000 -1.000000     -19.857855 17.501563 0.000000
24.868995    0.000000 -0.000000 -1.000000     -19.682126 12.250593 0.000000
37.303501    0.000000 -0.000000 -1.000000     -23.586445 12.013271 0.000000
24.869000    -0.000000 0.000000 -1.000000     -22.110375 6.970972 0.000000
37.303497    0.000000 -0.000000 -1.000000     -25.833013 5.770141 0.000000
24.869001    -0.000000 0.000000 -1.000000     -23.149347 1.253339 0.000000
37.303495    0.000000 -0.000000 -1.000000     -26.456397 -0.835548 0.000000
24.868993    0.000000 -0.000000 -1.000000     -22.733760 -4.543046 0.000000
37.303492    0.000000 0.000000 -1.000000     -25.417428 -7.388736 0.000000
24.868997    0.000000 -0.000000 -1.000000     -20.889727 -10.053974 0.000000
37.303490    0.000000 0.000000 -1.000000     -22.781388 -13.477663 0.000000
24.868991    0.000000 -0.000000 -1.000000     -17.733116 -14.933173 0.000000
37.303492    0.000000 0.000000 -1.000000     -18.713909 -18.719737 0.000000
24.868996    0.000000 -0.000000 -1.000000     -13.462267 -18.874066 0.000000
37.303498    0.000000 0.000000 -1.000000     -13.470567 -22.785582 0.000000
24.869000    0.000000 -0.000000 -1.000000     -8.345535 -21.629033 0.000000
37.303487    0.000000 0.000000 -1.000000     -7.380820 -25.419725 0.000000
24.868989    0.000000 -0.000000 -1.000000     -2.704423 -23.024966 0.000000
37.303494    0.000000 0.000000 -1.000000     -0.827309 -26.456652 0.000000
24.868999    0.000000 0.000000 -1.000000     3.106619 -22.974157 0.000000
37.303493    0.000000 0.000000 -1.000000     5.778185 -25.831211 0.000000
24.868990    0.000000 0.000000 -1.000000     8.722460 -21.479797 0.000000
37.303479    0.000000 0.000000 -1.000000     12.020614 -23.582699 0.000000
24.868987    0.000000 0.000000 -1.000000     13.790235 -18.635781 0.000000
37.303491    0.000000 0.000000 -1.000000     17.507743 -19.852400 0.000000
24.868993    0.000000 0.000000 -1.000000     17.991520 -14.620811 0.000000
37.303490    0.000000 0.000000 -1.000000     21.894797 -14.874700 0.000000
24.868997    0.000000 0.000000 -1.000000     21.062332 -9.687161 0.000000
37.303484    0.000000 0.000000 -1.000000     24.906120 -8.962369 0.000000
24.868988    0.000000 0.000000 -1.000000     22.809720 -4.144832 0.000000
37.303485    0.000000 0.000000 -1.000000     26.352498 -2.486899 0.000000
24.868945    0.000000 0.000000 -1.000000     23.123889 1.657930 0.000000
37.303423    0.000000 0.000000 -1.000000     26.143057 4.144824 0.000000
37.303490    0.000000 0.000000 -1.000000     31.363350 10.620287 0.000000
49.737995    -0.000000 -0.000000 -1.000000     33.361609 14.556771 0.000000
37.303500    0.000000 -0.000000 -1.000000     27.736854 18.086380 0.000000
49.737997    0.000000 0.000000 -1.000000     28.693370 22.396139 -0.000000
37.303498    0.000000 0.000000 -1.000000     22.367548 24.416039 -0.000000
49.738004    -0.000000 0.000000 -1.000000     22.222220 28.828274 -0.000000
37.303496    0.000000 0.000000 -1.000000     15.592807 29.211548 -0.000000
49.737999    -0.000000 0.000000 -1.000000     14.354767 33.449024 -0.000000
37.303500    0.000000 0.000000 -1.000000     7.838314 32.171588 -0.000000
49.737999    -0.000000 0.000000 -1.000000     5.585352 35.968047 -0.000000
37.303500    -0.000000 0.000000 -1.000000     -0.408690 33.110168 -0.000000
49.737997    0.000000 0.000000 -1.000000     -3.535013 36.227066 -0.000000
37.303502    -0.000000 0.000000 -1.000000     -8.630015 31.968315 -0.000000
49.737982    0.000000 0.000000 -1.000000     -12.433259 34.209804 -0.000000
37.303488    -0.000000 0.000000 -1.000000     -16.309084 28.817774 -0.000000
49.737999    0.000000 0.000000 -1.000000     -20.550278 30.043014 -0.000000
37.303491    -0.000000 0.000000 -1.000000     -22.963394 23.856506 -0.000000
49.738005    0.000000 -0.000000 -1.000000     -27.376048 23.988512 -0.000000
37.303511    -0.000000 0.000000 -1.000000     -28.174828 17.396247 0.000000
49.737999    0.000000 -0.000000 -1.000000     -32.481680 16.426723 0.000000
37.303501    -0.000000 0.000000 -1.000000     -31.615935 9.842917 0.000000
49.737999    0.000000 -0.000000 -1.000000     -35.546367 7.832782 0.000000
37.303498    -0.000000 0.000000 -1.000000     -33.070495 1.671119 0.000000
49.738001    0.000000 -0.000000 -1.000000     -36.377546 -1.253322 0.000000
37.303498    0.000000 -0.000000 -1.000000     -32.447115 -6.605680 0.000000
49.738011    0.000000 0.000000 -1.000000     -34.922990 -10.260675 0.000000
37.303505    0.000000 -0.000000 -1.000000     -29.784963 -14.467420 0.000000
49.738007    0.000000 0.000000 -1.000000     -31.274093 -18.623312 0.000000
37.303501    0.000000 -0.000000 -1.000000     -25.251311 -21.420118 0.000000
49.737992    0.000000 0.000000 -1.000000     -25.660129 -25.815776 0.000000
37.303494    0.000000 -0.000000 -1.000000     -19.131027 -27.026911 0.000000
49.737989    0.000000 0.000000 -1.000000     -18.433844 -31.386140 0.000000
37.303482    0.000000 -0.000000 -1.000000     -11.808670 -30.935504 0.000000
49.737990    0.000000 0.000000 -1.000000     -10.049295 -34.984397 0.000000
37.303495    0.000000 -0.000000 -1.000000     -3.744331 -32.900305 0.000000
49.737980    0.000000 0.000000 -1.000000     -1.033311 -36.384455 0.000000
37.303486    0.000000 0.000000 -1.000000     4.555278 -32.797857 0.000000
49.737983    0.000000 0.000000 -1.000000     8.047599 -35.498344 0.000000
37.303477    0.000000 0.000000 -1.000000     12.568661 -30.634600 0.000000
49.737975    0.000000 0.000000 -1.000000     16.622848 -32.381741 0.000000
37.303496    0.000000 0.000000 -1.000000     19.792308 -26.546459 0.000000
49.737994    0.000000 0.000000 -1.000000     24.153622 -27.230474 0.000000
37.303493    0.000000 0.000000 -1.000000     25.772333 -20.790304 0.000000
49.737977    0.000000 0.000000 -1.000000     30.166736 -20.368216 0.000000
37.303482    0.000000 0.000000 -1.000000     30.132987 -13.727819 0.000000
49.737993    0.000000 0.000000 -1.000000     34.284363 -12.226148 0.000000
37.303490    0.000000 0.000000 -1.000000     32.600274 -5.802765 0.000000
49.737985    0.000000 0.000000 -1.000000     36.247776 -3.315866 0.000000
37.303420    0.000000 0.000000 -1.000000     33.019168 2.486895 0.000000
49.737885    0.000000 0.000000 -1.000000     35.933613 5.802754 0.000000
49.737996    0.000000 0.000000 -1.000000     40.741595 13.884062 0.000000
62.172486    0.000000 0.000000 -1.000000     42.432266 18.597425 0.000000
49.737995    0.000000 0.000000 -1.000000     36.008797 23.579892 -0.000000
62.172494    0.000000 0.000000 -1.000000     36.474186 28.565629 -0.000000
49.737993    0.000000 0.000000 -1.000000     29.013431 31.794111 -0.000000
62.172473    -0.000000 0.000000 -1.000000     28.224298 36.738949 -0.000000
49.737986    0.000000 0.000000 -1.000000     20.195047 38.010588 -0.000000
62.172484    -0.000000 0.000000 -1.000000     18.200974 42.603826 -0.000000
49.737983    0.000000 0.000000 -1.000000     10.107732 41.838721 -0.000000
62.172502    -0.000000 0.000000 -1.000000     7.034015 45.791748 -0.000000
49.738000    -0.000000 0.000000 -1.000000     -0.614688 43.037973 -0.000000
62.172477    0.000000 0.000000 -1.000000     -4.574916 46.102405 -0.000000
49.737980    -0.000000 0.000000 -1.000000     -11.298485 41.532988 -0.000000
62.172505    0.000000 0.000000 -1.000000     -15.896389 43.516277 -0.000000
49.738014    -0.000000 0.000000 -1.000000     -21.272357 37.418334 -0.000000
62.172493    0.000000 0.000000 -1.000000     -26.219034 38.195864 -0.000000
49.737996    -0.000000 0.000000 -1.000000     -29.909610 30.952550 -0.000000
62.172494    0.000000 0.000000 -1.000000     -34.894240 30.475462 -0.000000
49.737985    -0.000000 0.000000 -1.000000     -36.667530 22.541901 0.000000
62.172484    0.000000 -0.000000 -1.000000     -41.376913 20.840174 0.000000
49.737988    0.000000 -0.000000 -1.000000     -41.121494 12.714861 0.000000
62.172503    0.000000 -0.000000 -1.000000     -45.259721 9.895421 0.000000
49.738006    -0.000000 0.000000 -1.000000     -42.991644 2.088900 0.000000
62.172479    0.000000 0.000000 -1.000000     -46.298694 -1.671097 0.000000
49.737984    0.000000 -0.000000 -1.000000     -42.160470 -8.668314 0.000000
62.172484    0.000000 0.000000 -1.000000     -44.428551 -13.132614 0.000000
49.737995    0.000000 -0.000000 -1.000000     -38.680200 -18.880866 0.000000
62.172489    0.000000 0.000000 -1.000000     -39.766797 -23.768960 0.000000
49.737983    0.000000 -0.000000 -1.000000     -32.769508 -27.907063 0.000000
62.172495    0.000000 0.000000 -1.000000     -32.606348 -32.911813 0.000000
49.738000    0.000000 -0.000000 -1.000000     -24.799787 -35.179755 0.000000
62.172502    0.000000 0.000000 -1.000000     -23.397122 -39.986697 0.000000
49.737991    0.000000 -0.000000 -1.000000     -15.271805 -40.241975 0.000000
62.172487    0.000000 0.000000 -1.000000     -12.717770 -44.549070 0.000000
49.737987    0.000000 -0.000000 -1.000000     -4.784240 -42.775642 0.000000
62.172496    0.000000 0.000000 -1.000000     -1.239314 -46.312258 0.000000
49.737998    0.000000 0.000000 -1.000000     6.003936 -42.621558 0.000000
62.172491    0.000000 0.000000 -1.000000     10.317013 -45.165478 0.000000
49.737974    0.000000 0.000000 -1.000000     16.414862 -39.789405 0.000000
62.172469    0.000000 0.000000 -1.000000     21.225082 -41.180784 0.000000
49.737988    0.000000 0.000000 -1.000000     25.794381 -34.457136 0.000000
62.172488    0.000000 0.000000 -1.000000     30.799502 -34.608549 0.000000
49.737984    0.000000 0.000000 -1.000000     33.553146 -26.959799 0.000000
62.172501    0.000000 0.000000 -1.000000     38.438676 -25.861731 0.000000
49.737998    0.000000 0.000000 -1.000000     39.203642 -17.768477 0.000000
62.172456    0.000000 0.000000 -1.000000     43.662606 -15.489926 0.000000
49.737969    0.000000 0.000000 -1.000000     42.390828 -7.460697 0.000000
62.172475    0.000000 0.000000 -1.000000     46.143052 -4.144832 0.000000
49.737890    0.000000 0.000000 -1.000000     42.914445 3.315859 0.000000
62.172366    0.000000 0.000000 -1.000000     45.724168 7.460684 0.000000
62.666624    0.929777 0.368124 -0.000000     46.891229 16.318872 3.333333
62.666624    0.929777 0.368124 0.000000     45.353290 20.203269 6.666667
62.666641    0.809017 0.587785 -0.000000     41.359716 27.467560 3.333333
62.666641    0.809017 0.587785 0.000000     38.904082 30.847452 6.666667
62.666616    0.637424 0.770513 -0.000000     33.229418 36.890360 3.333333
62.666616    0.637424 0.770513 0.000000     30.010389 39.553374 6.666667
62.666637    0.425780 0.904827 -0.000000     23.011195 43.995201 3.333333
62.666637    0.425780 0.904827 0.000000     19.231032 45.774014 6.666667
62.666630    0.187382 0.982287 -0.000000     11.347093 48.335665 3.333333
62.666630    0.187382 0.982287 0.000000     7.243318 49.118505 6.666667
62.666628    -0.062790 0.998027 0.000000     -1.029988 49.639020 3.333333
62.666628    -0.062790 0.998027 0.000000     -5.199520 49.376696 6.666667
62.666629    -0.309017 0.951057 0.000000     -13.342352 47.823370 3.333333
62.666629    -0.309017 0.951057 0.000000     -17.315653 46.532369 6.666667
62.666622    -0.535826 0.844328 0.000000     -24.816367 43.002805 3.333333
62.666622    -0.535826 0.844328 0.000000     -28.343780 40.764243 6.666667
62.666638    -0.728968 0.684547 0.000000     -34.731078 35.480214 3.333333
62.666638    -0.728968 0.684547 0.000000     -37.590963 32.434747 6.666667
62.666632    -0.876307 0.481754 0.000000     -42.463508 25.728268 3.333333
62.666632    -0.876307 0.481754 0.000000     -44.476167 22.067256 6.666667
62.666628    -0.968583 0.248690 0.000000     -47.527799 14.359722 3.333333
62.666628    -0.968583 0.248690 0.000000     -48.566771 10.313199 6.666667
62.666630    -1.000000 0.000000 0.000000     -49.605743 2.088902 3.333333
62.666630    -1.000000 -0.000000 0.000000     -49.605743 -2.088874 6.666667
62.666624    -0.968583 -0.248689 0.000000     -48.566775 -10.313172 3.333333
62.666624    -0.968583 -0.248689 0.000000     -47.527806 -14.359695 6.666667
62.666631    -0.876307 -0.481754 0.000000     -44.476180 -22.067231 3.333333
62.666631    -0.876307 -0.481754 0.000000     -42.463521 -25.728243 6.666667
62.666628    -0.728969 -0.684547 0.000000     -37.590979 -32.434723 3.333333
62.666628    -0.728969 -0.684547 0.000000     -34.731096 -35.480191 6.666667
62.666635    -0.535827 -0.844328 0.000000     -28.343800 -40.764223 3.333333
62.666635    -0.535827 -0.844328 0.000000     -24.816387 -43.002787 6.666667
62.666627    -0.309017 -0.951056 0.000000     -17.315675 -46.532356 3.333333
62.666627    -0.309017 -0.951056 0.000000     -13.342375 -47.823361 6.666667
62.666624    -0.062791 -0.998027 0.000000     -5.199544 -49.376690 3.333333
62.666624    -0.062791 -0.998027 0.000000     -1.030013 -49.639015 6.666667
62.666627    0.187381 -0.982287 0.000000     7.243293 -49.118503 3.333333
62.666627    0.187381 -0.982287 0.000000     11.347069 -48.335667 6.666667
62.666618    0.425779 -0.904827 0.000000     19.231007 -45.774020 3.333333
62.666618    0.425779 -0.904827 0.000000     23.011171 -43.995210 6.666667
62.666627    0.637424 -0.770513 0.000000     30.010366 -39.553387 3.333333
62.666627    0.637424 -0.770513 0.000000     33.229397 -36.890373 6.666667
62.666638    0.809017 -0.587785 0.000000     38.904064 -30.847468 3.333333
62.666638    0.809017 -0.587785 0.000000     41.359699 -27.467577 6.666667
62.666618    0.929777 -0.368124 0.000000     45.353275 -20.203288 3.333333
62.666618    0.929777 -0.368124 0.000000     46.891216 -16.318892 6.666667
62.666621    0.992115 -0.125333 0.000000     48.952771 -8.289663 3.333333
62.666621    0.992115 -0.125333 0.000000     49.476386 -4.144832 6.666667
62.666509    0.992115 0.125333 -0.000000     49.476390 4.144825 3.333333
62.666509    0.992115 0.125333 0.000000     48.952779 8.289649 6.666667
62.666624    0.929777 0.368124 -0.000000     46.891229 16.318872 13.333333
62.666624    0.929777 0.368124 0.000000     45.353290 20.203269 16.666667
62.666641    0.809017 0.587785 -0.000000     41.359716 27.467560 13.333333
62.666641    0.809017 0.587785 0.000000     38.904082 30.847452 16.666667
62.666616    0.637424 0.770513 -0.000000     33.229418 36.890360 13.333333
62.666616    0.637424 0.770513 0.000000     30.010389 39.553374 16.666667
62.666637    0.425780 0.904827 -0.000000     23.011195 43.995201 13.333333
62.666637    0.425780 0.904827 0.000000     19.231032 45.774014 16.666667
62.666630    0.187382 0.982287 -0.000000     11.347093 48.335665 13.333333
62.666630    0.187382 0.982287 0.000000     7.243318 49.118505 16.666667
62.666628    -0.062790 0.998027 0.000000     -1.029988 49.639020 13.333333
62.666628    -0.062790 0.998027 0.000000     -5.199520 49.376696 16.666667
62.666629    -0.309017 0.951057 0.000000     -13.342352 47.823370 13.333333
62.666629    -0.309017 0.951057 0.000000     -17.315653 46.532369 16.666667
62.666622    -0.535826 0.844328 0.000000     -24.816367 43.002805 13.333333
62.666622    -0.535826 0.844328 0.000000     -28.343780 40.764243 16.666667
62.666638    -0.728968 0.684547 0.000000     -34.731078 35.480214 13.333333
62.666638    -0.728968 0.684547 0.000000     -37.590963 32.434747 16.666667
62.666632    -0.876307 0.481754 0.000000     -42.463508 25.728268 13.333333
62.666632    -0.876307 0.481754 0.000000     -44.476167 22.067256 16.666667
62.666628    -0.968583 0.248690 0.000000     -47.527799 14.359722 13.333333
62.666628    -0.968583 0.248690 0.000000     -48.566771 10.313199 16.666667
62.666630    -1.000000 0.000000 0.000000     -49.605743 2.088902 13.333333
62.666630    -1.000000 -0.000000 0.000000     -49.605743 -2.088874 16.666667
62.666624    -0.968583 -0.248689 0.000000     -48.566775 -10.313172 13.333333
62.666624    -0.968583 -0.248689 0.000000     -47.527806 -14.359695 16.666667
62.666631    -0.876307 -0.481754 0.000000     -44.476180 -22.067231 13.333333
62.666631    -0.876307 -0.481754 0.000000     -42.463521 -25.728243 16.666667
62.666628    -0.728969 -0.684547 0.000000     -37.590979 -32.434723 13.333333
62.666628    -0.728969 -0.684547 0.000000     -34.731096 -35.480191 16.666667
62.666635    -0.535827 -0.844328 0.000000     -28.343800 -40.764223 13.333333
62.666635    -0.535827 -0.844328 0.000000     -24.816387 -43.002787 16.666667
62.666627    -0.309017 -0.951056 0.000000     -17.315675 -46.532356 13.333333
62.666627    -0.309017 -0.951056 0.000000     -13.342375 -47.823361 16.666667
62.666624    -0.062791 -0.998027 0.000000     -5.199544 -49.376690 13.333333
62.666624    -0.062791 -0.998027 0.000000     -1.030013 -49.639015 16.666667
62.666627    0.187381 -0.982287 0.000000     7.243293 -49.118503 13.333333
62.666627    0.187381 -0.982287 0.000000     11.347069 -48.335667 16.666667
62.666618    0.425779 -0.904827 0.000000     19.231007 -45.774020 13.333333
62.666618    0.425779 -0.904827 0.000000     23.011171 -43.995210 16.666667
62.666627    0.637424 -0.770513 0.000000     30.010366 -39.553387 13.333333
62.666627    0.637424 -0.770513 0.000000     33.229397 -36.890373 16.666667
62.666638    0.809017 -0.587785 0.000000     38.904064 -30.847468 13.333333
62.666638    0.809017 -0.587785 0.000000     41.359699 -27.467577 16.666667
62.666618    0.929777 -0.368124 0.000000     45.353275 -20.203288 13.333333
62.666618    0.929777 -0.368124 0.000000     46.891216 -16.318892 16.666667
62.666621    0.992115 -0.125333 0.000000     48.952771 -8.289663 13.333333
62.666621    0.992115 -0.125333 0.000000     49.476386 -4.144832 16.666667
62.666509    0.992115 0.125333 -0.000000     49.476390 4.144825 13.333333
62.666509    0.992115 0.125333 0.000000     48.952779 8.289649 16.666667
62.666624    0.929777 0.368124 -0.000000     46.891229 16.318872 23.333333
62.666624    0.929777 0.368124 0.000000     45.353290 20.203269 26.666667
62.666641    0.809017 0.587785 -0.000000     41.359716 27.467560 23.333333
62.666641    0.809017 0.587785 0.000000     38.904082 30.847452 26.666667
62.666616    0.637424 0.770513 -0.000000     33.229418 36.890360 23.333333
62.666616    0.637424 0.770513 0.000000     30.010389 39.553374 26.666667
62.666637    0.425780 0.904827 -0.000000     23.011195 43.995201 23.333333
62.666637    0.425780 0.904827 0.000000     19.231032 45.774014 26.666667
62.666630    0.187382 0.982287 -0.000000     11.347093 48.335665 23.333333
62.666630    0.187382 0.982287 0.000000     7.243318 49.118505 26.666667
62.666628    -0.062790 0.998027 0.000000     -1.029988 49.639020 23.333333
62.666628    -0.062790 0.998027 0.000000     -5.199520 49.376696 26.666667
62.666629    -0.309017 0.951057 0.000000     -13.342352 47.823370 23.333333
62.666629    -0.309017 0.951057 0.000000     -17.315653 46.532369 26.666667
62.666622    -0.535826 0.844328 0.000000     -24.816367 43.002805 23.333333
62.666622    -0.535826 0.844328 0.000000     -28.343780 40.764243 26.666667
62.666638    -0.728968 0.684547 0.000000     -34.731078 35.480214 23.333333
62.666638    -0.728968 0.684547 0.000000     -37.590963 32.434747 26.666667
62.666632    -0.876307 0.481754 0.000000     -42.463508 25.728268 23.333333
62.666632    -0.876307 0.481754 0.000000     -44.476167 22.067256 26.666667
62.666628    -0.968583 0.248690 0.000000     -47.527799 14.359722 23.333333
62.666628    -0.968583 0.248690 0.000000     -48.566771 10.313199 26.666667
62.666630    -1.000000 0.000000 0.000000     -49.605743 2.088902 23.333333
62.666630    -1.000000 -0.000000 0.000000     -49.605743 -2.088874 26.666667
62.666624    -0.968583 -0.248689 0.000000     -48.566775 -10.313172 23.333333
62.666624    -0.968583 -0.248689 0.000000     -47.527806 -14.359695 26.666667
62.666631    -0.876307 -0.481754 0.000000     -44.476180 -22.067231 23.333333
62.666631    -0.876307 -0.481754 0.000000     -42.463521 -25.728243 26.666667
62.666628    -0.728969 -0.684547 0.000000     -37.590979 -32.434723 23.333333
62.666628    -0.728969 -0.684547 0.000000     -34.731096 -35.480191 26.666667
62.666635    -0.535827 -0.844328 0.000000     -28.343800 -40.764223 23.333333
62.666635    -0.535827 -0.844328 0.000000     -24.816387 -43.002787 26.666667
62.666627    -0.309017 -0.951056 0.000000     -17.315675 -46.532356 23.333333
62.666627    -0.309017 -0.951056 0.000000     -13.342375 -47.823361 26.666667
62.666624    -0.062791 -0.998027 0.000000     -5.199544 -49.376690 23.333333
62.666624    -0.062791 -0.998027 0.000000     -1.030013 -49.639015 26.666667
62.666627    0.187381 -0.982287 0.000000     7.243293 -49.118503 23.333333
62.666627    0.187381 -0.982287 0.000000     11.347069 -48.335667 26.666667
62.666618    0.425779 -0.904827 0.000000     19.231007 -45.774020 23.333333
62.666618    0.425779 -0.904827 0.000000     23.011171 -43.995210 26.666667
62.666627    0.637424 -0.770513 0.000000     30.010366 -39.553387 23.333333
62.666627    0.637424 -0.770513 0.000000     33.229397 -36.890373 26.666667
62.666638    0.809017 -0.587785 0.000000     38.904064 -30.847468 23.333333
62.666638    0.809017 -0.587785 0.000000     41.359699 -27.467577 26.666667
62.666618    0.929777 -0.368124 0.000000     45.353275 -20.203288 23.333333
62.666618    0.929777 -0.368124 0.000000     46.891216 -16.318892 26.666667
62.666621    0.992115 -0.125333 0.000000     48.952771 -8.289663 23.333333
62.666621    0.992115 -0.125333 0.000000     49.476386 -4.144832 26.666667
62.666509    0.992115 0.125333 -0.000000     49.476390 4.144825 23.333333
62.666509    0.992115 0.125333 0.000000     48.952779 8.289649 26.666667
62.666624    0.929777 0.368124 -0.000000     46.891229 16.318872 33.333333
62.666624    0.929777 0.368124 0.000000     45.353290 20.203269 36.666667
62.666641    0.809017 0.587785 -0.000000     41.359716 27.467560 33.333333
62.666641    0.809017 0.587785 0.000000     38.904082 30.847452 36.666667
62.666616    0.637424 0.770513 -0.000000     33.229418 36.890360 33.333333
62.666616    0.637424 0.770513 0.000000     30.010389 39.553374 36.666667
62.666637    0.425780 0.904827 -0.000000     23.011195 43.995201 33.333333
62.666637    0.425780 0.904827 0.000000     19.231032 45.774014 36.666667
62.666630    0.187382 0.982287 -0.000000     11.347093 48.335665 33.333333
62.666630    0.187382 0.982287 0.000000     7.243318 49.118505 36.666667
62.666628    -0.062790 0.998027 0.000000     -1.029988 49.639020 33.333333
62.666628    -0.062790 0.998027 0.000000     -5.199520 49.376696 36.666667
62.666629    -0.309017 0.951057 0.000000     -13.342352 47.823370 33.333333
62.666629    -0.309017 0.951057 0.000000     -17.315653 46.532369 36.666667
62.666622    -0.535826 0.844328 0.000000     -24.816367 43.002805 33.333333
62.666622    -0.535826 0.844328 0.000000     -28.343780 40.764243 36.666667
62.666638    -0.728968 0.684547 0.000000     -34.731078 35.480214 33.333333
62.666638    -0.728968 0.684547 0.000000     -37.590963 32.434747 36.666667
62.666632    -0.876307 0.481754 0.000000     -42.463508 25.728268 33.333333
62.666632    -0.876307 0.481754 0.000000     -44.476167 22.067256 36.666667
62.666628    -0.968583 0.248690 0.000000     -47.527799 14.359722 33.333333
62.666628    -0.968583 0.248690 0.000000     -48.566771 10.313199 36.666667
62.666630    -1.000000 0.000000 0.000000     -49.605743 2.088902 33.333333
62.666630    -1.000000 -0.000000 0.000000     -49.605743 -2.088874 36.666667
62.666624    -0.968583 -0.248689 0.000000     -48.566775 -10.313172 33.333333
62.666624    -0.968583 -0.248689 0.000000     -47.527806 -14.359695 36.666667
62.666631    -0.876307 -0.481754 0.000000     -44.476180 -22.067231 33.333333
62.666631    -0.876307 -0.481754 0.000000     -42.463521 -25.728243 36.666667
62.666628    -0.728969 -0.684547 0.000000     -37.590979 -32.434723 33.333333
62.666628    -0.728969 -0.684547 0.000000     -34.731096 -35.480191 36.666667
62.666635    -0.535827 -0.844328 0.000000     -28.343800 -40.764223 33.333333
62.666635    -0.535827 -0.844328 0.000000     -24.816387 -43.002787 36.666667
62.666627    -0.309017 -0.951056 0.000000     -17.315675 -46.532356 33.333333
62.666627    -0.309017 -0.951056 0.000000     -13.342375 -47.823361 36.666667
62.666624    -0.062791 -0.998027 0.000000     -5.199544 -49.376690 33.333333
62.666624    -0.062791 -0.998027 0.000000     -1.030013 -49.639015 36.666667
62.666627    0.187381 -0.982287 0.000000     7.243293 -49.118503 33.333333
62.666627    0.187381 -0.982287 0.000000     11.347069 -48.335667 36.666667
62.666618    0.425779 -0.904827 0.000000     19.231007 -45.774020 33.333333
62.666618    0.425779 -0.904827 0.000000     23.011171 -43.995210 36.666667
62.666627    0.637424 -0.770513 0.000000     30.010366 -39.553387 33.333333
62.666627    0.637424 -0.770513 0.000000     33.229397 -36.890373 36.666667
62.666638    0.809017 -0.587785 0.000000     38.904064 -30.847468 33.333333
62.666638    0.809017 -0.587785 0.000000     41.359699 -27.467577 36.666667
62.666618    0.929777 -0.368124 0.000000     45.353275 -20.203288 33.333333
62.666618    0.929777 -0.368124 0.000000     46.891216 -16.318892 36.666667
62.666621    0.992115 -0.125333 0.000000     48.952771 -8.289663 33.333333
62.666621    0.992115 -0.125333 0.000000     49.476386 -4.144832 36.666667
62.666509    0.992115 0.125333 -0.000000     49.476390 4.144825 33.333333
62.666509    0.992115 0.125333 0.000000     48.952779 8.289649 36.666667
62.666624    0.929777 0.368124 -0.000000     46.891229 16.318872 43.333333
62.666624    0.929777 0.368124 0.000000     45.353290 20.203269 46.666667
62.666641    0.809017 0.587785 -0.000000     41.359716 27.467560 43.333333
62.666641    0.809017 0.587785 0.000000     38.904082 30.847452 46.666667
62.666616    0.637424 0.770513 -0.000000     33.229418 36.890360 43.333333
62.666616    0.637424 0.770513 0.000000     30.010389 39.553374 46.666667
62.666637    0.425780 0.904827 -0.000000     23.011195 43.995201 43.333333
62.666637    0.425780 0.904827 0.000000     19.231032 45.774014 46.666667
62.666630    0.187382 0.982287 -0.000000     11.347093 48.335665 43.333333
62.666630    0.187382 0.982287 0.000000     7.243318 49.118505 46.666667
62.666628    -0.062790 0.998027 0.000000     -1.029988 49.639020 43.333333
62.666628    -0.062790 0.998027 0.000000     -5.199520 49.376696 46.666667
62.666629    -0.309017 0.951057 0.000000     -13.342352 47.823370 43.333333
62.666629    -0.309017 0.951057 0.000000     -17.315653 46.532369 46.666667
62.666622    -0.535826 0.844328 0.000000     -24.816367 43.002805 43.333333
62.666622    -0.535826 0.844328 0.000000     -28.343780 40.764243 46.666667
62.666638    -0.728968 0.684547 0.000000     -34.731078 35.480214 43.333333
62.666638    -0.728968 0.684547 0.000000     -37.590963 32.434747 46.666667
62.666632    -0.876307 0.481754 0.000000     -42.463508 25.728268 43.333333
62.666632    -0.876307 0.481754 0.000000     -44.476167 22.067256 46.666667
62.666628    -0.968583 0.248690 0.000000     -47.527799 14.359722 43.333333
62.666628    -0.968583 0.248690 0.000000     -48.566771 10.313199 46.666667
62.666630    -1.000000 0.000000 0.000000     -49.605743 2.088902 43.333333
62.666630    -1.000000 -0.000000 0.000000     -49.605743 -2.088874 46.666667
62.666624    -0.968583 -0.248689 0.000000     -48.566775 -10.313172 43.333333
62.666624    -0.968583 -0.248689 0.000000     -47.527806 -14.359695 46.666667
62.666631    -0.876307 -0.481754 0.000000     -44.476180 -22.067231 43.333333
62.666631    -0.876307 -0.481754 0.000000     -42.463521 -25.728243 46.666667
62.666628    -0.728969 -0.684547 0.000000     -37.590979 -32.434723 43.333333
62.666628    -0.728969 -0.684547 0.000000     -34.731096 -35.480191 46.666667
62.666635    -0.535827 -0.844328 0.000000     -28.343800 -40.764223 43.333333
62.666635    -0.535827 -0.844328 0.000000     -24.816387 -43.002787 46.666667
62.666627    -0.309017 -0.951056 0.000000     -17.315675 -46.532356 43.333333
62.666627    -0.309017 -0.951056 0.000000     -13.342375 -47.823361 46.666667
62.666624    -0.062791 -0.998027 0.000000     -5.199544 -49.376690 43.333333
62.666624    -0.062791 -0.998027 0.000000     -1.030013 -49.639015 46.666667
62.666627    0.187381 -0.982287 0.000000     7.243293 -49.118503 43.333333
62.666627    0.187381 -0.982287 0.000000     11.347069 -48.335667 46.666667
62.666618    0.425779 -0.904827 0.000000     19.231007 -45.774020 43.333333
62.666618    0.425779 -0.904827 0.000000     23.011171 -43.995210 46.666667
62.666627    0.637424 -0.770513 0.000000     30.010366 -39.553387 43.333333
62.666627    0.637424 -0.770513 0.000000     33.229397 -36.890373 46.666667
62.666638    0.809017 -0.587785 0.000000     38.904064 -30.847468 43.333333
62.666638    0.809017 -0.587785 0.000000     41.359699 -27.467577 46.666667
62.666618    0.929777 -0.368124 0.000000     45.353275 -20.203288 43.333333
62.666618    0.929777 -0.368124 0.000000     46.891216 -16.318892 46.666667
62.666621    0.992115 -0.125333 0.000000     48.952771 -8.289663 43.333333
62.666621    0.992115 -0.125333 0.000000     49.476386 -4.144832 46.666667
62.666509    0.992115 0.125333 -0.000000     49.476390 4.144825 43.333333
62.666509    0.992115 0.125333 0.000000     48.952779 8.289649 46.666667
62.666624    0.929777 0.368124 -0.000000     46.891229 16.318872 53.333333
62.666624    0.929777 0.368124 0.000000     45.353290 20.203269 56.666667
62.666641    0.809017 0.587785 -0.000000     41.359716 27.467560 53.333333
62.666641    0.809017 0.587785 0.000000     38.904082 30.847452 56.666667
62.666616    0.637424 0.770513 -0.000000     33.229418 36.890360 53.333333
62.666616    0.637424 0.770513 0.000000     30.010389 39.553374 56.666667
62.666637    0.425780 0.904827 -0.000000     23.011195 43.995201 53.333333
62.666637    0.425780 0.904827 0.000000     19.231032 45.774014 56.666667
62.666630    0.187382 0.982287 -0.000000     11.347093 48.335665 53.333333
62.666630    0.187382 0.982287 0.000000     7.243318 49.118505 56.666667
62.666628    -0.062790 0.998027 0.000000     -1.029988 49.639020 53.333333
62.666628    -0.062790 0.998027 0.000000     -5.199520 49.376696 56.666667
62.666629    -0.309017 0.951057 0.000000     -13.342352 47.823370 53.333333
62.666629    -0.309017 0.951057 0.000000     -17.315653 46.532369 56.666667
62.666622    -0.535826 0.844328 0.000000     -24.816367 43.002805 53.333333
62.666622    -0.535826 0.844328 0.000000     -28.343780 40.764243 56.666667
62.666638    -0.728968 0.684547 0.000000     -34.731078 35.480214 53.333333
62.666638    -0.728968 0.684547 0.000000     -37.590963 32.434747 56.666667
62.666632    -0.876307 0.481754 0.000000     -42.463508 25.728268 53.333333
62.666632    -0.876307 0.481754 0.000000     -44.476167 22.067256 56.666667
62.666628    -0.968583 0.248690 0.000000     -47.527799 14.359722 53.333333
62.666628    -0.968583 0.248690 0.000000     -48.566771 10.313199 56.666667
62.666630    -1.000000 0.000000 0.000000     -49.605743 2.088902 53.333333
62.666630    -1.000000 -0.000000 0.000000     -49.605743 -2.088874 56.666667
62.666624    -0.968583 -0.248689 0.000000     -48.566775 -10.313172 53.333333
62.666624    -0.968583 -0.248689 0.000000     -47.527806 -14.359695 56.666667
62.666631    -0.876307 -0.481754 0.000000     -44.476180 -22.067231 53.333333
62.666631    -0.876307 -0.481754 0.000000     -42.463521 -25.728243 56.666667
62.666628    -0.728969 -0.684547 0.000000     -37.590979 -32.434723 53.333333
62.666628    -0.728969 -0.684547 0.000000     -34.731096 -35.480191 56.666667
62.666635    -0.535827 -0.844328 0.000000     -28.343800 -40.764223 53.333333
62.666635    -0.535827 -0.844328 0.000000     -24.816387 -43.002787 56.666667
62.666627    -0.309017 -0.951056 0.000000     -17.315675 -46.532356 53.333333
62.666627    -0.309017 -0.951056 0.000000     -13.342375 -47.823361 56.666667
62.666624    -0.062791 -0.998027 0.000000     -5.199544 -49.376690 53.333333
62.666624    -0.062791 -0.998027 0.000000     -1.030013 -49.639015 56.666667
62.666627    0.187381 -0.982287 0.000000     7.243293 -49.118503 53.333333
62.666627    0.187381 -0.982287 0.000000     11.347069 -48.335667 56.666667
62.666618    0.425779 -0.904827 0.000000     19.231007 -45.774020 53.333333
62.666618    0.425779 -0.904827 0.000000     23.011171 -43.995210 56.666667
62.666627    0.637424 -0.770513 0.000000     30.010366 -39.553387 53.333333
62.666627    0.637424 -0.770513 0.000000     33.229397 -36.890373 56.666667
62.666638    0.809017 -0.587785 0.000000     38.904064 -30.847468 53.333333
62.666638    0.809017 -0.587785 0.000000     41.359699 -27.467577 56.666667
62.666618    0.929777 -0.368124 0.000000     45.353275 -20.203288 53.333333
62.666618    0.929777 -0.368124 0.000000     46.891216 -16.318892 56.666667
62.666621    0.992115 -0.125333 0.000000     48.952771 -8.289663 53.333333
62.666621    0.992115 -0.125333 0.000000     49.476386 -4.144832 56.666667
62.666509    0.992115 0.125333 -0.000000     49.476390 4.144825 53.333333
62.666509    0.992115 0.125333 0.000000     48.952779 8.289649 56.666667
62.666624    0.929777 0.368124 -0.000000     46.891229 16.318872 63.333333
62.666624    0.929777 0.368124 0.000000     45.353290 20.203269 66.666667
62.666641    0.809017 0.587785 -0.000000     41.359716 27.467560 63.333333
62.666641    0.809017 0.587785 0.000000     38.904082 30.847452 66.666667
62.666616    0.637424 0.770513 -0.000000     33.229418 36.890360 63.333333
62.666616    0.637424 0.770513 0.000000     30.010389 39.553374 66.666667
62.666637    0.425780 0.904827 -0.000000     23.011195 43.995201 63.333333
62.666637    0.425780 0.904827 0.000000     19.231032 45.774014 66.666667
62.666630    0.187382 0.982287 -0.000000     11.347093 48.335665 63.333333
62.666630    0.187382 0.982287 0.000000     7.243318 49.118505 66.666667
62.666628    -0.062790 0.998027 0.000000     -1.029988 49.639020 63.333333
62.666628    -0.062790 0.998027 0.000000     -5.199520 49.376696 66.666667
62.666629    -0.309017 0.951057 0.000000     -13.342352 47.823370 63.333333
62.666629    -0.309017 0.951057 0.000000     -17.315653 46.532369 66.666667
62.666622    -0.535826 0.844328 0.000000     -24.816367 43.002805 63.333333
62.666622    -0.535826 0.844328 0.000000     -28.343780 40.764243 66.666667
62.666638    -0.728968 0.684547 0.000000     -34.731078 35.480214 63.333333
62.666638    -0.728968 0.684547 0.000000     -37.590963 32.434747 66.666667
62.666632    -0.876307 0.481754 0.000000     -42.463508 25.728268 63.333333
62.666632    -0.876307 0.481754 0.000000     -44.476167 22.067256 66.666667
62.666628    -0.968583 0.248690 0.000000     -47.527799 14.359722 63.333333
62.666628    -0.968583 0.248690 0.000000     -48.566771 10.313199 66.666667
62.666630    -1.000000 0.000000 0.000000     -49.605743 2.088902 63.333333
62.666630    -1.000000 -0.000000 0.000000     -49.605743 -2.088874 66.666667
62.666624    -0.968583 -0.248689 0.000000     -48.566775 -10.313172 63.333333
62.666624    -0.968583 -0.248689 0.000000     -47.527806 -14.359695 66.666667
62.666631    -0.876307 -0.481754 0.000000     -44.476180 -22.067231 63.333333
62.666631    -0.876307 -0.481754 0.000000     -42.463521 -25.728243 66.666667
62.666628    -0.728969 -0.684547 0.000000     -37.590979 -32.434723 63.333333
62.666628    -0.728969 -0.684547 0.000000     -34.731096 -35.480191 66.666667
62.666635    -0.535827 -0.844328 0.000000     -28.343800 -40.764223 63.333333
62.666635    -0.535827 -0.844328 0.000000     -24.816387 -43.002787 66.666667
62.666627    -0.309017 -0.951056 0.000000     -17.315675 -46.532356 63.333333
62.666627    -0.309017 -0.951056 0.000000     -13.342375 -47.823361 66.666667
62.666624    -0.062791 -0.998027 0.000000     -5.199544 -49.376690 63.333333
62.666624    -0.062791 -0.998027 0.000000     -1.030013 -49.639015 66.666667
62.666627    0.187381 -0.982287 0.000000     7.243293 -49.118503 63.333333
62.666627    0.187381 -0.982287 0.000000     11.347069 -48.335667 66.666667
62.666618    0.425779 -0.904827 0.000000     19.231007 -45.774020 63.333333
62.666618    0.425779 -0.904827 0.000000     23.011171 -43.995210 66.666667
62.666627    0.637424 -0.770513 0.000000     30.010366 -39.553387 63.333333
62.666627    0.637424 -0.770513 0.000000     33.229397 -36.890373 66.666667
62.666638    0.809017 -0.587785 0.000000     38.904064 -30.847468 63.333333
62.666638    0.809017 -0.587785 0.000000     41.359699 -27.467577 66.666667
62.666618    0.929777 -0.368124 0.000000     45.353275 -20.203288 63.333333
62.666618    0.929777 -0.368124 0.000000     46.891216 -16.318892 66.666667
62.666621    0.992115 -0.125333 0.000000     48.952771 -8.289663 63.333333
62.666621    0.992115 -0.125333 0.000000     49.476386 -4.144832 66.666667
62.666509    0.992115 0.125333 -0.000000     49.476390 4.144825 63.333333
62.666509    0.992115 0.125333 0.000000     48.952779 8.289649 66.666667
62.666624    0.929777 0.368124 -0.000000     46.891229 16.318872 73.333333
62.666624    0.929777 0.368124 0.000000     45.353290 20.203269 76.666667
62.666641    0.809017 0.587785 -0.000000     41.359716 27.467560 73.333333
62.666641    0.809017 0.587785 0.000000     38.904082 30.847452 76.666667
62.666616    0.637424 0.770513 -0.000000     33.229418 36.890360 73.333333
62.666616    0.637424 0.770513 0.000000     30.010389 39.553374 76.666667
62.666637    0.425780 0.904827 -0.000000     23.011195 43.995201 73.333333
62.666637    0.425780 0.904827 0.000000     19.231032 45.774014 76.666667
62.666630    0.187382 0.982287 -0.000000     11.347093 48.335665 73.333333
62.666630    0.187382 0.982287 0.000000     7.243318 49.118505 76.666667
62.666628    -0.062790 0.998027 0.000000     -1.029988 49.639020 73.333333
62.666628    -0.062790 0.998027 0.000000     -5.199520 49.376696 76.666667
62.666629    -0.309017 0.951057 0.000000     -13.342352 47.823370 73.333333
62.666629    -0.309017 0.951057 0.000000     -17.315653 46.532369 76.666667
62.666622    -0.535826 0.844328 0.000000     -24.816367 43.002805 73.333333
62.666622    -0.535826 0.844328 0.000000     -28.343780 40.764243 76.666667
62.666638    -0.728968 0.684547 0.000000     -34.731078 35.480214 73.333333
62.666638    -0.728968 0.684547 0.000000     -37.590963 32.434747 76.666667
62.666632    -0.876307 0.481754 0.000000     -42.463508 25.728268 73.333333
62.666632    -0.876307 0.481754 0.000000     -44.476167 22.067256 76.666667
62.666628    -0.968583 0.248690 0.000000     -47.527799 14.359722 73.333333
62.666628    -0.968583 0.248690 0.000000     -48.566771 10.313199 76.666667
62.666630    -1.000000 0.000000 0.000000     -49.605743 2.088902 73.333333
62.666630    -1.000000 -0.000000 0.000000     -49.605743 -2.088874 76.666667
62.666624    -0.968583 -0.248689 0.000000     -48.566775 -10.313172 73.333333
62.666624    -0.968583 -0.248689 0.000000     -47.527806 -14.359695 76.666667
62.666631    -0.876307 -0.481754 0.000000     -44.476180 -22.067231 73.333333
62.666631    -0.876307 -0.481754 0.000000     -42.463521 -25.728243 76.666667
62.666628    -0.728969 -0.684547 0.000000     -37.590979 -32.434723 73.333333
62.666628    -0.728969 -0.684547 0.000000     -34.731096 -35.480191 76.666667
62.666635    -0.535827 -0.844328 0.000000     -28.343800 -40.764223 73.333333
62.666635    -0.535827 -0.844328 0.000000     -24.816387 -43.002787 76.666667
62.666627    -0.309017 -0.951056 0.000000     -17.315675 -46.532356 73.333333
62.666627    -0.309017 -0.951056 0.000000     -13.342375 -47.823361 76.666667
62.666624    -0.062791 -0.998027 0.000000     -5.199544 -49.376690 73.333333
62.666624    -0.062791 -0.998027 0.000000     -1.030013 -49.639015 76.666667
62.666627    0.187381 -0.982287 0.000000     7.243293 -49.118503 73.333333
62.666627    0.187381 -0.982287 0.000000     11.347069 -48.335667 76.666667
62.666618    0.425779 -0.904827 0.000000     19.231007 -45.774020 73.333333
62.666618    0.425779 -0.904827 0.000000     23.011171 -43.995210 76.666667
62.666627    0.637424 -0.770513 0.000000     30.010366 -39.553387 73.333333
62.666627    0.637424 -0.770513 0.000000     33.229397 -36.890373 76.666667
62.666638    0.809017 -0.587785 0.000000     38.904064 -30.847468 73.333333
62.666638    0.809017 -0.587785 0.000000     41.359699 -27.467577 76.666667
62.666618    0.929777 -0.368124 0.000000     45.353275 -20.203288 73.333333
62.666618    0.929777 -0.368124 0.000000     46.891216 -16.318892 76.666667
62.666621    0.992115 -0.125333 0.000000     48.952771 -8.289663 73.333333
62.666621    0.992115 -0.125333 0.000000     49.476386 -4.144832 76.666667
62.666509    0.992115 0.125333 -0.000000     49.476390 4.144825 73.333333
62.666509    0.992115 0.125333 0.000000     48.952779 8.289649 76.666667
62.666624    0.929777 0.368124 -0.000000     46.891229 16.318872 83.333333
62.666624    0.929777 0.368124 0.000000     45.353290 20.203269 86.666667
62.666641    0.809017 0.587785 -0.000000     41.359716 27.467560 83.333333
62.666641    0.809017 0.587785 0.000000     38.904082 30.847452 86.666667
62.666616    0.637424 0.770513 -0.000000     33.229418 36.890360 83.333333
62.666616    0.637424 0.770513 0.000000     30.010389 39.553374 86.666667
62.666637    0.425780 0.904827 -0.000000     23.011195 43.995201 83.333333
62.666637    0.425780 0.904827 0.000000     19.231032 45.774014 86.666667
62.666630    0.187382 0.982287 -0.000000     11.347093 48.335665 83.333333
62.666630    0.187382 0.982287 0.000000     7.243318 49.118505 86.666667
62.666628    -0.062790 0.998027 0.000000     -1.029988 49.639020 83.333333
62.666628    -0.062790 0.998027 0.000000     -5.199520 49.376696 86.666667
62.666629    -0.309017 0.951057 0.000000     -13.342352 47.823370 83.333333
62.666629    -0.309017 0.951057 0.000000     -17.315653 46.532369 86.666667
62.666622    -0.535826 0.844328 0.000000     -24.816367 43.002805 83.333333
62.666622    -0.535826 0.844328 0.000000     -28.343780 40.764243 86.666667
62.666638    -0.728968 0.684547 0.000000     -34.731078 35.480214 83.333333
62.666638    -0.728968 0.684547 0.000000     -37.590963 32.434747 86.666667
62.666632    -0.876307 0.481754 0.000000     -42.463508 25.728268 83.333333
62.666632    -0.876307 0.481754 0.000000     -44.476167 22.067256 86.666667
62.666628    -0.968583 0.248690 0.000000     -47.527799 14.359722 83.333333
62.666628    -0.968583 0.248690 0.000000     -48.566771 10.313199 86.666667
62.666630    -1.000000 0.000000 0.000000     -49.605743 2.088902 83.333333
62.666630    -1.000000 -0.000000 0.000000     -49.605743 -2.088874 86.666667
62.666624    -0.968583 -0.248689 0.000000     -48.566775 -10.313172 83.333333
62.666624    -0.968583 -0.248689 0.000000     -47.527806 -14.359695 86.666667
62.666631    -0.876307 -0.481754 0.000000     -44.476180 -22.067231 83.333333
62.666631    -0.876307 -0.481754 0.000000     -42.463521 -25.728243 86.666667
62.666628    -0.728969 -0.684547 0.000000     -37.590979 -32.434723 83.333333
62.666628    -0.728969 -0.684547 0.000000     -34.731096 -35.480191 86.666667
62.666635    -0.535827 -0.844328 0.000000     -28.343800 -40.764223 83.333333
62.666635    -0.535827 -0.844328 0.000000     -24.816387 -43.002787 86.666667
62.666627    -0.309017 -0.951056 0.000000     -17.315675 -46.532356 83.333333
62.666627    -0.309017 -0.951056 0.000000     -13.342375 -47.823361 86.666667
62.666624    -0.062791 -0.998027 0.000000     -5.199544 -49.376690 83.333333
62.666624    -0.062791 -0.998027 0.000000     -1.030013 -49.639015 86.666667
62.666627    0.187381 -0.982287 0.000000     7.243293 -49.118503 83.333333
62.666627    0.187381 -0.982287 0.000000     11.347069 -48.335667 86.666667
62.666618    0.425779 -0.904827 0.000000     19.231007 -45.774020 83.333333
62.666618    0.425779 -0.904827 0.000000     23.011171 -43.995210 86.666667
62.666627    0.637424 -0.770513 0.000000     30.010366 -39.553387 83.333333
62.666627    0.637424 -0.770513 0.000000     33.229397 -36.890373 86.666667
62.666638    0.809017 -0.587785 0.000000     38.904064 -30.847468 83.333333
62.666638    0.809017 -0.587785 0.000000     41.359699 -27.467577 86.666667
62.666618    0.929777 -0.368124 0.000000     45.353275 -20.203288 83.333333
62.666618    0.929777 -0.368124 0.000000     46.891216 -16.318892 86.666667
62.666621    0.992115 -0.125333 0.000000     48.952771 -8.289663 83.333333
62.666621    0.992115 -0.125333 0.000000     49.476386 -4.144832 86.666667
62.666509    0.992115 0.125333 -0.000000     49.476390 4.144825 83.333333
62.666509    0.992115 0.125333 0.000000     48.952779 8.289649 86.666667
62.666624    0.929777 0.368124 -0.000000     46.891229 16.318872 93.333333
62.666624    0.929777 0.368124 0.000000     45.353290 20.203269 96.666667
62.666641    0.809017 0.587785 -0.000000     41.359716 27.467560 93.333333
62.666641    0.809017 0.587785 0.000000     38.904082 30.847452 96.666667
62.666616    0.637424 0.770513 -0.000000     33.229418 36.890360 93.333333
62.666616    0.637424 0.770513 0.000000     30.010389 39.553374 96.666667
62.666637    0.425780 0.904827 -0.000000     23.011195 43.995201 93.333333
62.666637    0.425780 0.904827 0.000000     19.231032 45.774014 96.666667
62.666630    0.187382 0.982287 -0.000000     11.347093 48.335665 93.333333
62.666630    0.187382 0.982287 0.000000     7.243318 49.118505 96.666667
62.666628    -0.062790 0.998027 0.000000     -1.029988 49.639020 93.333333
62.666628    -0.062790 0.998027 0.000000     -5.199520 49.376696 96.666667
62.666629    -0.309017 0.951057 0.000000     -13.342352 47.823370 93.333333
62.666629    -0.309017 0.951057 0.000000     -17.315653 46.532369 96.666667
62.666622    -0.535826 0.844328 0.000000     -24.816367 43.002805 93.333333
62.666622    -0.535826 0.844328 0.000000     -28.343780 40.764243 96.666667
62.666638    -0.728968 0.684547 0.000000     -34.731078 35.480214 93.333333
62.666638    -0.728968 0.684547 0.000000     -37.590963 32.434747 96.666667
62.666632    -0.876307 0.481754 0.000000     -42.463508 25.728268 93.333333
62.666632    -0.876307 0.481754 0.000000     -44.476167 22.067256 96.666667
62.666628    -0.968583 0.248690 0.000000     -47.527799 14.359722 93.333333
62.666628    -0.968583 0.248690 0.000000     -48.566771 10.313199 96.666667
62.666630    -1.000000 0.000000 0.000000     -49.605743 2.088902 93.333333
62.666630    -1.000000 -0.000000 0.000000     -49.605743 -2.088874 96.666667
62.666624    -0.968583 -0.248689 0.000000     -48.566775 -10.313172 93.333333
62.666624    -0.968583 -0.248689 0.000000     -47.527806 -14.359695 96.666667
62.666631    -0.876307 -0.481754 0.000000     -44.476180 -22.067231 93.333333
62.666631    -0.876307 -0.481754 0.000000     -42.463521 -25.728243 96.666667
62.666628    -0.728969 -0.684547 0.000000     -37.590979 -32.434723 93.333333
62.666628    -0.728969 -0.684547 0.000000     -34.731096 -35.480191 96.666667
62.666635    -0.535827 -0.844328 0.000000     -28.343800 -40.764223 93.333333
62.666635    -0.535827 -0.844328 0.000000     -24.816387 -43.002787 96.666667
62.666627    -0.309017 -0.951056 0.000000     -17.315675 -46.532356 93.333333
62.666627    -0.309017 -0.951056 0.000000     -13.342375 -47.823361 96.666667
62.666624    -0.062791 -0.998027 0.000000     -5.199544 -49.376690 93.333333
62.666624    -0.062791 -0.998027 0.000000     -1.030013 -49.639015 96.666667
62.666627    0.187381 -0.982287 0.000000     7.243293 -49.118503 93.333333
62.666627    0.187381 -0.982287 0.000000     11.347069 -48.335667 96.666667
62.666618    0.425779 -0.904827 0.000000     19.231007 -45.774020 93.333333
62.666618    0.425779 -0.904827 0.000000     23.011171 -43.995210 96.666667
62.666627    0.637424 -0.770513 0.000000     30.010366 -39.553387 93.333333
62.666627    0.637424 -0.770513 0.000000     33.229397 -36.890373 96.666667
62.666638    0.809017 -0.587785 0.000000     38.904064 -30.847468 93.333333
62.666638    0.809017 -0.587785 0.000000     41.359699 -27.467577 96.666667
62.666618    0.929777 -0.368124 0.000000     45.353275 -20.203288 93.333333
62.666618    0.929777 -0.368124 0.000000     46.891216 -16.318892 96.666667
62.666621    0.992115 -0.125333 0.000000     48.952771 -8.289663 93.333333
62.666621    0.992115 -0.125333 0.000000     49.476386 -4.144832 96.666667
62.666509    0.992115 0.125333 -0.000000     49.476390 4.144825 93.333333
62.666509    0.992115 0.125333 0.000000     48.952779 8.289649 96.666667
62.172485    0.000000 0.000000 1.000000     43.662618 15.489906 100.000000
49.737997    0.000000 -0.000000 1.000000     39.203655 17.768460 100.000000
62.172501    0.000000 0.000000 1.000000     38.438693 25.861715 100.000000
49.737988    0.000000 -0.000000 1.000000     33.553163 26.959785 100.000000
62.172471    0.000000 0.000000 1.000000     30.799522 34.608537 100.000000
49.737995    0.000000 0.000000 1.000000     25.794402 34.457126 100.000000
62.172491    0.000000 0.000000 1.000000     21.225104 41.180776 100.000000
49.737979    0.000000 0.000000 1.000000     16.414883 39.789401 100.000000
62.172479    0.000000 0.000000 1.000000     10.317035 45.165478 100.000000
49.738005    0.000000 0.000000 1.000000     6.003957 42.621560 100.000000
62.172499    0.000000 0.000000 1.000000     -1.239291 46.312263 100.000000
49.737977    0.000000 0.000000 1.000000     -4.784219 42.775649 100.000000
62.172478    0.000000 0.000000 1.000000     -12.717749 44.549080 100.000000
49.738006    0.000000 0.000000 1.000000     -15.271786 40.241986 100.000000
62.172501    0.000000 0.000000 1.000000     -23.397103 39.986713 100.000000
49.738006    0.000000 0.000000 1.000000     -24.799770 35.179772 100.000000
62.172506    0.000000 0.000000 1.000000     -32.606332 32.911835 100.000000
49.737983    0.000000 0.000000 1.000000     -32.769495 27.907083 100.000000
62.172486    0.000000 0.000000 1.000000     -39.766785 23.768983 100.000000
49.737983    0.000000 0.000000 1.000000     -38.680190 18.880889 100.000000
62.172483    0.000000 0.000000 1.000000     -44.428544 13.132639 100.000000
49.738007    0.000000 0.000000 1.000000     -42.160466 8.668339 100.000000
62.172504    0.000000 0.000000 1.000000     -46.298693 1.671123 100.000000
49.737981    0.000000 0.000000 1.000000     -42.991644 -2.088875 100.000000
62.172473    -0.000000 0.000000 1.000000     -45.259726 -9.895395 100.000000
49.737995    0.000000 0.000000 1.000000     -41.121502 -12.714837 100.000000
62.172491    -0.000000 0.000000 1.000000     -41.376924 -20.840150 100.000000
49.737994    0.000000 0.000000 1.000000     -36.667542 -22.541879 100.000000
62.172483    -0.000000 0.000000 1.000000     -34.894255 -30.475440 100.000000
49.737996    0.000000 0.000000 1.000000     -29.909624 -30.952530 100.000000
62.172499    -0.000000 0.000000 1.000000     -26.219052 -38.195845 100.000000
49.738003    0.000000 0.000000 1.000000     -21.272374 -37.418320 100.000000
62.172492    -0.000000 0.000000 1.000000     -15.896410 -43.516266 100.000000
49.737985    0.000000 0.000000 1.000000     -11.298505 -41.532979 100.000000
62.172483    -0.000000 0.000000 1.000000     -4.574939 -46.102399 100.000000
49.738000    0.000000 0.000000 1.000000     -0.614709 -43.037967 100.000000
62.172497    0.000000 -0.000000 1.000000     7.033992 -45.791747 100.000000
49.737992    -0.000000 0.000000 1.000000     10.107712 -41.838721 100.000000
62.172478    0.000000 -0.000000 1.000000     18.200951 -42.603831 100.000000
49.737966    -0.000000 0.000000 1.000000     20.195026 -38.010595 100.000000
62.172478    0.000000 -0.000000 1.000000     28.224277 -36.738960 100.000000
49.737998    -0.000000 0.000000 1.000000     29.013413 -31.794123 100.000000
62.172498    0.000000 -0.000000 1.000000     36.474169 -28.565644 100.000000
49.737987    0.000000 0.000000 1.000000     36.008781 -23.579907 100.000000
62.172483    0.000000 -0.000000 1.000000     42.432252 -18.597443 100.000000
49.737971    0.000000 0.000000 1.000000     40.741583 -13.884080 100.000000
62.172459    0.000000 -0.000000 1.000000     45.724162 -7.460697 100.000000
49.737985    0.000000 0.000000 1.000000     42.914443 -3.315866 100.000000
62.172370    0.000000 0.000000 1.000000     46.143056 4.144825 100.000000
49.737886    0.000000 -0.000000 1.000000     42.390835 7.460684 100.000000
49.737993    0.000000 0.000000 1.000000     34.284373 12.226132 100.000000
37.303492    0.000000 -0.000000 1.000000     30.132998 13.727806 100.000000
49.737994    0.000000 0.000000 1.000000     30.166750 20.368203 100.000000
37.303503    0.000000 -0.000000 1.000000     25.772347 20.790294 100.000000
49.737999    0.000000 0.000000 1.000000     24.153639 27.230465 100.000000
37.303503    0.000000 0.000000 1.000000     19.792323 26.546451 100.000000
49.737998    0.000000 0.000000 1.000000     16.622865 32.381737 100.000000
37.303498    0.000000 0.000000 1.000000     12.568677 30.634598 100.000000
49.738004    0.000000 0.000000 1.000000     8.047617 35.498344 100.000000
37.303496    0.000000 0.000000 1.000000     4.555294 32.797858 100.000000
49.737995    0.000000 0.000000 1.000000     -1.033294 36.384460 100.000000
37.303502    0.000000 0.000000 1.000000     -3.744315 32.900310 100.000000
49.737999    0.000000 0.000000 1.000000     -10.049278 34.984405 100.000000
37.303486    0.000000 0.000000 1.000000     -11.808655 30.935512 100.000000
49.737989    0.000000 0.000000 1.000000     -18.433830 31.386152 100.000000
37.303497    0.000000 0.000000 1.000000     -19.131015 27.026924 100.000000
49.737993    0.000000 0.000000 1.000000     -25.660118 25.815792 100.000000
37.303504    0.000000 0.000000 1.000000     -25.251302 21.420134 100.000000
49.738007    0.000000 0.000000 1.000000     -31.274084 18.623330 100.000000
37.303503    0.000000 0.000000 1.000000     -29.784956 14.467437 100.000000
49.738001    0.000000 0.000000 1.000000     -34.922984 10.260695 100.000000
37.303498    0.000000 0.000000 1.000000     -32.447112 6.605698 100.000000
49.737996    0.000000 0.000000 1.000000     -36.377545 1.253343 100.000000
37.303503    0.000000 0.000000 1.000000     -33.070496 -1.671101 100.000000
49.738002    -0.000000 0.000000 1.000000     -35.546372 -7.832761 100.000000
37.303506    0.000000 0.000000 1.000000     -31.615940 -9.842899 100.000000
49.738011    -0.000000 0.000000 1.000000     -32.481688 -16.426704 100.000000
37.303501    0.000000 0.000000 1.000000     -28.174836 -17.396230 100.000000
49.737997    -0.000000 0.000000 1.000000     -27.376059 -23.988495 100.000000
37.303495    0.000000 0.000000 1.000000     -22.963404 -23.856492 100.000000
49.737996    -0.000000 0.000000 1.000000     -20.550291 -30.043001 100.000000
37.303486    0.000000 0.000000 1.000000     -16.309097 -28.817763 100.000000
49.737978    -0.000000 0.000000 1.000000     -12.433275 -34.209795 100.000000
37.303494    0.000000 0.000000 1.000000     -8.630030 -31.968307 100.000000
49.737992    -0.000000 0.000000 1.000000     -3.535030 -36.227060 100.000000
37.303483    0.000000 0.000000 1.000000     -0.408706 -33.110164 100.000000
49.737980    0.000000 -0.000000 1.000000     5.585334 -35.968046 100.000000
37.303490    -0.000000 0.000000 1.000000     7.838298 -32.171588 100.000000
49.737967    0.000000 -0.000000 1.000000     14.354750 -33.449027 100.000000
37.303484    -0.000000 0.000000 1.000000     15.592791 -29.211553 100.000000
49.737996    0.000000 -0.000000 1.000000     22.222203 -28.828283 100.000000
37.303494    -0.000000 0.000000 1.000000     22.367533 -24.416047 100.000000
49.737981    0.000000 -0.000000 1.000000     28.693355 -22.396150 100.000000
37.303488    0.000000 0.000000 1.000000     27.736841 -18.086392 100.000000
49.737983    0.000000 -0.000000 1.000000     33.361598 -14.556786 100.000000
37.303492    0.000000 0.000000 1.000000     31.363341 -10.620302 100.000000
49.737990    0.000000 -0.000000 1.000000     35.933608 -5.802765 100.000000
37.303485    0.000000 0.000000 1.000000     33.019165 -2.486899 100.000000
49.737890    0.000000 0.000000 1.000000     36.247779 3.315859 100.000000
37.303415    0.000000 -0.000000 1.000000     32.600280 5.802754 100.000000
37.303498    0.000000 0.000000 1.000000     24.906127 8.962358 100.000000
24.869001    0.000000 -0.000000 1.000000     21.062340 9.687152 100.000000
37.303504    0.000000 0.000000 1.000000     21.894807 14.874691 100.000000
24.868998    0.000000 -0.000000 1.000000     17.991530 14.620804 100.000000
37.303498    0.000000 0.000000 1.000000     17.507755 19.852393 100.000000
24.868998    0.000000 -0.000000 1.000000     13.790246 18.635776 100.000000
37.303487    0.000000 0.000000 1.000000     12.020626 23.582696 100.000000
24.868995    0.000000 0.000000 1.000000     8.722470 21.479795 100.000000
37.303489    0.000000 0.000000 1.000000     5.778198 25.831211 100.000000
24.868995    0.000000 0.000000 1.000000     3.106630 22.974158 100.000000
37.303496    0.000000 0.000000 1.000000     -0.827296 26.456655 100.000000
24.868996    0.000000 0.000000 1.000000     -2.704412 23.024970 100.000000
37.303495    0.000000 0.000000 1.000000     -7.380808 25.419732 100.000000
24.869001    0.000000 0.000000 1.000000     -8.345525 21.629039 100.000000
37.303507    0.000000 0.000000 1.000000     -13.470557 22.785592 100.000000
24.869000    0.000000 0.000000 1.000000     -13.462259 18.874075 100.000000
37.303494    0.000000 0.000000 1.000000     -18.713901 18.719749 100.000000
24.868992    0.000000 0.000000 1.000000     -17.733109 14.933184 100.000000
37.303494    0.000000 0.000000 1.000000     -22.781382 13.477676 100.000000
24.869002    0.000000 0.000000 1.000000     -20.889723 10.053986 100.000000
37.303500    0.000000 0.000000 1.000000     -25.417424 7.388750 100.000000
24.868997    0.000000 0.000000 1.000000     -22.733758 4.543058 100.000000
37.303498    0.000000 0.000000 1.000000     -26.456396 0.835562 100.000000
24.868998    0.000000 0.000000 1.000000     -23.149348 -1.253326 100.000000
37.303491    -0.000000 0.000000 1.000000     -25.833016 -5.770127 100.000000
24.868993    0.000000 0.000000 1.000000     -22.110378 -6.970959 100.000000
37.303492    -0.000000 0.000000 1.000000     -23.586451 -12.013257 100.000000
24.868995    0.000000 0.000000 1.000000     -19.682133 -12.250581 100.000000
37.303490    -0.000000 0.000000 1.000000     -19.857863 -17.501551 100.000000
24.868994    0.000000 0.000000 1.000000     -16.017186 -16.760454 100.000000
37.303493    -0.000000 0.000000 1.000000     -14.881532 -21.890157 100.000000
24.869001    0.000000 0.000000 1.000000     -11.345820 -20.217205 100.000000
37.303494    -0.000000 0.000000 1.000000     -8.970140 -24.903323 100.000000
24.868993    0.000000 0.000000 1.000000     -5.961555 -22.403635 100.000000
37.303488    -0.000000 0.000000 1.000000     -2.495121 -26.351723 100.000000
24.868995    0.000000 0.000000 1.000000     -0.202704 -23.182362 100.000000
37.303497    0.000000 -0.000000 1.000000     4.136675 -26.144346 100.000000
24.868996    -0.000000 0.000000 1.000000     5.568884 -22.504455 100.000000
37.303480    0.000000 -0.000000 1.000000     10.508548 -24.294223 100.000000
24.868989    -0.000000 0.000000 1.000000     10.990557 -20.412511 100.000000
37.303490    0.000000 -0.000000 1.000000     16.220130 -20.917605 100.000000
24.868988    -0.000000 0.000000 1.000000     15.721654 -17.037973 100.000000
37.303491    0.000000 -0.000000 1.000000     20.912543 -16.226657 100.000000
24.868992    -0.000000 0.000000 1.000000     19.464901 -12.592877 100.000000
37.303486    0.000000 -0.000000 1.000000     24.290943 -10.516128 100.000000
24.868995    0.000000 0.000000 1.000000     21.985097 -7.356523 100.000000
37.303483    0.000000 -0.000000 1.000000     26.143053 -4.144832 100.000000
24.868990    0.000000 0.000000 1.000000     23.123888 -1.657933 100.000000
37.303420    0.000000 0.000000 1.000000     26.352501 2.486895 100.000000
24.868948    0.000000 -0.000000 1.000000     22.809724 4.144824 100.000000
24.868999    0.000000 0.000000 1.000000     15.527881 5.698584 100.000000
12.434495    0.000000 -0.000000 1.000000     11.991681 5.646498 100.000000
24.868999    0.000000 0.000000 1.000000     13.622863 9.381179 100.000000
12.434501    0.000000 -0.000000 1.000000     10.210713 8.451313 100.000000
24.869001    0.000000 0.000000 1.000000     10.861871 12.474321 100.000000
12.434497    0.000000 -0.000000 1.000000     7.788168 10.725101 100.000000
24.869000    0.000000 0.000000 1.000000     7.418387 14.783656 100.000000
12.434500    0.000000 -0.000000 1.000000     4.876264 12.324992 100.000000
24.868996    0.000000 0.000000 1.000000     3.508779 16.164078 100.000000
12.434498    0.000000 0.000000 1.000000     1.657967 13.150457 100.000000
24.869000    0.000000 0.000000 1.000000     -0.621298 16.528852 100.000000
12.434499    0.000000 0.000000 1.000000     -1.664507 13.149631 100.000000
24.868995    0.000000 0.000000 1.000000     -4.712337 15.855057 100.000000
12.434502    0.000000 0.000000 1.000000     -4.882394 12.322565 100.000000
24.868999    0.000000 0.000000 1.000000     -8.507283 14.185030 100.000000
12.434498    0.000000 0.000000 1.000000     -7.793503 10.721227 100.000000
24.868998    0.000000 0.000000 1.000000     -11.767686 11.623707 100.000000
12.434501    0.000000 0.000000 1.000000     -10.214916 8.446235 100.000000
24.869002    0.000000 0.000000 1.000000     -14.288680 8.332022 100.000000
12.434499    0.000000 0.000000 1.000000     -11.994489 5.640534 100.000000
24.868997    0.000000 0.000000 1.000000     -15.911865 4.516806 100.000000
12.434502    0.000000 0.000000 1.000000     -13.020404 2.480418 100.000000
24.869003    0.000000 0.000000 1.000000     -16.535248 0.417782 100.000000
12.434499    0.000000 0.000000 1.000000     -13.228199 -0.835552 100.000000
24.868997    -0.000000 0.000000 1.000000     -16.119661 -3.707492 100.000000
12.434498    0.000000 0.000000 1.000000     -12.604817 -4.099020 100.000000
24.868998    -0.000000 0.000000 1.000000     -14.691216 -7.599811 100.000000
12.434498    0.000000 0.000000 1.000000     -11.189429 -7.104933 100.000000
24.868997    -0.000000 0.000000 1.000000     -12.339668 -11.014606 100.000000
12.434503    0.000000 0.000000 1.000000     -9.070967 -9.664415 100.000000
24.868996    -0.000000 0.000000 1.000000     -9.212772 -13.737312 100.000000
12.434495    0.000000 0.000000 1.000000     -6.382542 -11.616647 100.000000
24.868995    -0.000000 0.000000 1.000000     -5.507005 -15.596852 100.000000
12.434498    0.000000 0.000000 1.000000     -3.293080 -12.838963 100.000000
24.868991    -0.000000 0.000000 1.000000     -1.455213 -16.476385 100.000000
12.434497    0.000000 0.000000 1.000000     0.003299 -13.254559 100.000000
24.868994    0.000000 -0.000000 1.000000     2.688016 -16.320645 100.000000
12.434496    -0.000000 0.000000 1.000000     3.299470 -12.837322 100.000000
24.868990    0.000000 -0.000000 1.000000     6.662347 -15.139419 100.000000
12.434495    -0.000000 0.000000 1.000000     6.388323 -11.613469 100.000000
24.868989    0.000000 -0.000000 1.000000     10.218057 -13.006928 100.000000
12.434496    -0.000000 0.000000 1.000000     9.075775 -9.659899 100.000000
24.868992    0.000000 -0.000000 1.000000     13.131730 -10.057164 100.000000
12.434497    -0.000000 0.000000 1.000000     11.192962 -7.099361 100.000000
24.868999    0.000000 -0.000000 1.000000     15.220288 -6.475470 100.000000
12.434497    -0.000000 0.000000 1.000000     12.606854 -4.092745 100.000000
24.868990    0.000000 -0.000000 1.000000     16.352499 -2.486899 100.000000
12.434495    0.000000 0.000000 1.000000     13.228611 -0.828966 100.000000
24.868945    0.000000 0.000000 1.000000     16.457223 1.657930 100.000000
12.434475    0.000000 -0.000000 1.000000     13.019167 2.486895 100.000000
12.434495    0.000000 -0.000000 -1.000000     6.149635 2.434809 0.000000
12.434501    0.000000 -0.000000 -1.000000     5.350920 3.887667 0.000000
12.434497    0.000000 -0.000000 -1.000000     4.215987 5.096249 0.000000
12.434501    0.000000 -0.000000 -1.000000     2.816149 5.984615 0.000000
12.434497    0.000000 -0.000000 -1.000000     1.239361 6.496945 0.000000
12.434499    0.000000 0.000000 -1.000000     -0.415300 6.601048 0.000000
12.434502    0.000000 0.000000 -1.000000     -2.043867 6.290383 0.000000
12.434498    0.000000 0.000000 -1.000000     -3.544010 5.584470 0.000000
12.434501    0.000000 0.000000 -1.000000     -4.821470 4.527664 0.000000
12.434500    0.000000 0.000000 -1.000000     -5.795979 3.186368 0.000000
12.434500    0.000000 0.000000 -1.000000     -6.406305 1.644861 0.000000
12.434498    0.000000 0.000000 -1.000000     -6.614099 0.000002 0.000000
12.434499    0.000000 0.000000 -1.000000     -6.406306 -1.644858 0.000000
12.434497    0.000000 0.000000 -1.000000     -5.795980 -3.186365 0.000000
12.434503    0.000000 0.000000 -1.000000     -4.821472 -4.527661 0.000000
12.434495    0.000000 0.000000 -1.000000     -3.544012 -5.584467 0.000000
12.434498    0.000000 0.000000 -1.000000     -2.043870 -6.290381 0.000000
12.434499    0.000000 0.000000 -1.000000     -0.415304 -6.601047 0.000000
12.434496    -0.000000 0.000000 -1.000000     1.239358 -6.496945 0.000000
12.434495    -0.000000 0.000000 -1.000000     2.816145 -5.984615 0.000000
12.434497    -0.000000 0.000000 -1.000000     4.215984 -5.096251 0.000000
12.434495    -0.000000 0.000000 -1.000000     5.350917 -3.887670 0.000000
12.434497    -0.000000 0.000000 -1.000000     6.149633 -2.434812 0.000000
12.434495    -0.000000 0.000000 -1.000000     6.561944 -0.828966 0.000000
12.434475    0.000000 -0.000000 -1.000000     6.561945 0.828965 0.000000
12.434495    0.000000 0.000000 1.000000     6.149635 2.434809 100.000000
12.434501    0.000000 0.000000 1.000000     5.350920 3.887667 100.000000
12.434497    0.000000 0.000000 1.000000     4.215987 5.096249 100.000000
12.434501    0.000000 0.000000 1.000000     2.816149 5.984615 100.000000
12.434497    0.000000 0.000000 1.000000     1.239361 6.496945 100.000000
12.434499    0.000000 0.000000 1.000000     -0.415300 6.601048 100.000000
12.434502    0.000000 0.000000 1.000000     -2.043867 6.290383 100.000000
12.434498    0.000000 0.000000 1.000000     -3.544010 5.584470 100.000000
12.434501    0.000000 0.000000 1.000000     -4.821470 4.527664 100.000000
12.434500    0.000000 0.000000 1.000000     -5.795979 3.186368 100.000000
12.434500    0.000000 0.000000 1.000000     -6.406305 1.644861 100.000000
12.434498    0.000000 0.000000 1.000000     -6.614099 0.000002 100.000000
12.434499    -0.000000 0.000000 1.000000     -6.406306 -1.644858 100.000000
12.434497    -0.000000 0.000000 1.000000     -5.795980 -3.186365 100.000000
12.434503    -0.000000 0.000000 1.000000     -4.821472 -4.527661 100.000000
12.434495    -0.000000 0.000000 1.000000     -3.544012 -5.584467 100.000000
12.434498    -0.000000 0.000000 1.000000     -2.043870 -6.290381 100.000000
12.434499    -0.000000 0.000000 1.000000     -0.415304 -6.601047 100.000000
12.434496    0.000000 -0.000000 1.000000     1.239358 -6.496945 100.000000
12.434495    0.000000 -0.000000 1.000000     2.816145 -5.984615 100.000000
12.434497    0.000000 -0.000000 1.000000     4.215984 -5.096251 100.000000
12.434495    0.000000 -0.000000 1.000000     5.350917 -3.887670 100.000000
12.434497    0.000000 -0.000000 1.000000     6.149633 -2.434812 100.000000
12.434495    0.000000 -0.000000 1.000000     6.561944 -0.828966 100.000000
12.434475    0.000000 0.000000 1.000000     6.561945 0.828965 100.000000
